Version	2.0
User_Name	Justin
Reader_Name	T2
Reader_Type	GENios
Serial_Num	12901500172
Plate_Size	96
Exp_Name	20180727_Mia_Tecan_SC-URA_7.1
Comments	

Measurement mode	Absorbance
Measurement wavelength	595	nm
Number of flashes	1
Plate definition file	96-well_NUN96ft.pdf
Number of kinetic cycles	1
Kinetic interval (Minimal)		s
Shake duration (Orbital High)	800	s
Shake duration between cycles (Orbital High)	800	s
Exp_StartDate	2018-07-27
Exp_StartTime	17:32:48
Cycle_Header	Secs,Temp,A1,A2,A3,A4,A5,A6,A7,A8,A9,A10,A11,A12,B1,B2,B3,B4,B5,B6,B7,B8,B9,B10,B11,B12,C1,C2,C3,C4,C5,C6,C7,C8,C9,C10,C11,C12,D1,D2,D3,D4,D5,D6,D7,D8,D9,D10,D11,D12,E1,E2,E3,E4,E5,E6,E7,E8,E9,E10,E11,E12,F1,F2,F3,F4,F5,F6,F7,F8,F9,F10,F11,F12,G1,G2,G3,G4,G5,G6,G7,G8,G9,G10,G11,G12,H1,H2,H3,H4,H5,H6,H7,H8,H9,H10,H11,H12
Cycle_1	872,30.2,0.078100,0.072200,0.069800,0.076600,0.073600,0.076300,0.076100,0.075000,0.076300,0.073900,0.074300,0.077900,0.069300,0.075900,0.075300,0.072700,0.074100,0.073000,0.072300,0.071600,0.064200,0.073400,0.073000,0.069900,0.082000,0.070100,0.069200,0.071500,0.072000,0.074400,0.072400,0.071400,0.072600,0.073300,0.074200,0.079900,0.066900,0.079600,0.079200,0.074600,0.075000,0.075400,0.073100,0.072000,0.066300,0.074300,0.076100,0.071300,0.080100,0.069100,0.070100,0.078500,0.073800,0.074800,0.074300,0.072900,0.075000,0.075000,0.076700,0.079400,0.070800,0.078200,0.076700,0.080900,0.074500,0.073900,0.074300,0.072900,0.066100,0.074700,0.074200,0.068400,0.072900,0.070900,0.072400,0.073900,0.076700,0.080100,0.075100,0.074400,0.075300,0.075700,0.076200,0.080800,0.069800,0.078900,0.074100,0.076600,0.078000,0.075900,0.072800,0.074400,0.065300,0.075100,0.076600,0.074900
Cycle_2	1755,30.1,0.078500,0.071400,0.069100,0.076200,0.073800,0.073200,0.075300,0.074500,0.074400,0.073500,0.074200,0.076900,0.068700,0.074600,0.074800,0.072400,0.072700,0.071900,0.071200,0.072400,0.064100,0.072900,0.072300,0.071400,0.083100,0.069000,0.068200,0.070100,0.071400,0.073700,0.071700,0.069800,0.073200,0.072800,0.072700,0.079200,0.066300,0.077300,0.076800,0.074400,0.073800,0.074000,0.072100,0.071400,0.065600,0.073200,0.073900,0.072000,0.073200,0.068200,0.069200,0.077900,0.074400,0.075900,0.075000,0.071600,0.074200,0.073400,0.076300,0.080900,0.070200,0.076600,0.075100,0.077800,0.074600,0.072800,0.073000,0.072900,0.065300,0.074700,0.074100,0.067100,0.069700,0.070500,0.069900,0.073900,0.077700,0.080600,0.074400,0.074200,0.074500,0.075100,0.075000,0.082300,0.069200,0.078600,0.074800,0.075700,0.078500,0.076500,0.071300,0.072800,0.065500,0.073700,0.075600,0.077200
Cycle_3	2635,30.0,0.076600,0.071000,0.069800,0.075500,0.074300,0.075400,0.074500,0.073000,0.073100,0.072900,0.073400,0.076900,0.068100,0.073100,0.072900,0.071200,0.072400,0.070800,0.070700,0.071600,0.063400,0.072200,0.071200,0.070400,0.083100,0.068000,0.068000,0.070100,0.070100,0.072800,0.070500,0.069300,0.072500,0.071700,0.072700,0.080800,0.065700,0.076300,0.077300,0.073000,0.074100,0.073500,0.071700,0.071200,0.065100,0.073000,0.075100,0.068600,0.071900,0.068200,0.066600,0.076000,0.074400,0.074700,0.073100,0.072200,0.074400,0.072700,0.074900,0.081900,0.070000,0.076000,0.074600,0.078000,0.075400,0.073700,0.072400,0.071100,0.064900,0.074100,0.073800,0.067100,0.068900,0.069000,0.068000,0.074600,0.077100,0.077000,0.074000,0.071100,0.071500,0.074100,0.074500,0.079600,0.068200,0.077800,0.075100,0.073300,0.076100,0.077100,0.072100,0.071700,0.065500,0.073200,0.072000,0.097300
Cycle_4	3515,30.1,0.077800,0.071900,0.068900,0.075700,0.073400,0.074500,0.075300,0.073500,0.074800,0.073000,0.073400,0.077500,0.068600,0.073400,0.073900,0.071700,0.072500,0.072600,0.071300,0.070800,0.063600,0.072700,0.072100,0.073000,0.085200,0.067900,0.068600,0.070300,0.071500,0.073200,0.070600,0.069300,0.072400,0.072700,0.073000,0.079900,0.066300,0.076200,0.075300,0.073600,0.073700,0.074200,0.072100,0.071200,0.064900,0.072900,0.075100,0.070700,0.072400,0.067800,0.067200,0.077400,0.074000,0.074900,0.073800,0.070500,0.074200,0.072700,0.076000,0.080700,0.069900,0.075300,0.074900,0.078400,0.073900,0.073600,0.072600,0.072000,0.065900,0.074000,0.074300,0.068100,0.069200,0.070400,0.069400,0.072500,0.077900,0.079400,0.074200,0.072700,0.072900,0.074500,0.074400,0.079600,0.068800,0.077000,0.074300,0.074100,0.076500,0.076700,0.071700,0.071700,0.065600,0.074300,0.073600,0.083200
Cycle_5	4396,30.2,0.077000,0.071600,0.069000,0.075100,0.073900,0.074100,0.075100,0.072000,0.073200,0.072600,0.073700,0.077500,0.068400,0.073900,0.074100,0.071800,0.071900,0.071700,0.070900,0.072200,0.063600,0.072500,0.071300,0.080400,0.087400,0.067700,0.067700,0.069000,0.070900,0.072700,0.071100,0.069400,0.072400,0.072400,0.072600,0.080500,0.066500,0.075700,0.077900,0.074000,0.073600,0.074200,0.072700,0.070600,0.064000,0.073300,0.073900,0.077200,0.075600,0.068300,0.066900,0.078100,0.073500,0.075700,0.073400,0.071600,0.074900,0.072700,0.075400,0.081400,0.070200,0.075800,0.075300,0.078700,0.075800,0.072300,0.072400,0.072000,0.065600,0.075200,0.073700,0.068000,0.069400,0.070700,0.068900,0.074100,0.077100,0.079300,0.074000,0.073700,0.074100,0.073800,0.074100,0.080900,0.068400,0.078200,0.074300,0.073700,0.076600,0.074500,0.071800,0.072700,0.066200,0.073400,0.074700,0.077400
Cycle_6	5276,29.9,0.077000,0.071900,0.069300,0.076500,0.074000,0.075200,0.076000,0.073700,0.073100,0.072800,0.074600,0.077600,0.069100,0.074500,0.074300,0.070700,0.072700,0.072800,0.071700,0.073000,0.064300,0.072600,0.071400,0.080300,0.091200,0.068400,0.069000,0.070800,0.069700,0.073100,0.071800,0.070500,0.073000,0.072900,0.073900,0.079800,0.066600,0.077100,0.077400,0.074600,0.073500,0.075300,0.072400,0.071800,0.065600,0.073900,0.075100,0.078200,0.078900,0.068900,0.068500,0.078100,0.073600,0.075200,0.075100,0.072100,0.074500,0.074000,0.076100,0.079600,0.070800,0.075500,0.075400,0.080100,0.074800,0.073800,0.073500,0.071700,0.064800,0.075400,0.072500,0.070000,0.070300,0.071700,0.069900,0.075100,0.076900,0.080100,0.074200,0.071400,0.075100,0.075000,0.075100,0.083100,0.069900,0.079100,0.073400,0.074700,0.076500,0.075600,0.072500,0.073100,0.066000,0.075100,0.076000,0.074200
Cycle_7	6156,30.0,0.076700,0.071700,0.069400,0.075500,0.073600,0.075300,0.074600,0.073300,0.074800,0.071800,0.072800,0.078500,0.068600,0.073700,0.072700,0.071100,0.072600,0.071300,0.071000,0.072300,0.063600,0.072400,0.071700,0.071400,0.085500,0.068400,0.067700,0.070000,0.071100,0.072700,0.069100,0.070100,0.072900,0.072400,0.073200,0.080100,0.066200,0.076200,0.076900,0.073000,0.074000,0.073400,0.072700,0.071600,0.064800,0.072900,0.074000,0.078100,0.081900,0.067600,0.067400,0.078600,0.071900,0.073300,0.074000,0.072700,0.074200,0.073400,0.075900,0.078700,0.070600,0.076100,0.076000,0.079600,0.074700,0.073900,0.071900,0.070200,0.064800,0.073700,0.071100,0.078000,0.070800,0.069800,0.070100,0.074500,0.076000,0.077600,0.074700,0.071700,0.072100,0.072600,0.073900,0.080200,0.068700,0.078100,0.072300,0.074800,0.074700,0.076100,0.072100,0.071400,0.065300,0.074300,0.072300,0.087200
Cycle_8	7037,30.1,0.078200,0.072200,0.070000,0.076100,0.074200,0.074900,0.074100,0.073100,0.074700,0.073200,0.073400,0.078800,0.069500,0.074300,0.074300,0.072400,0.073300,0.071100,0.071600,0.073100,0.063800,0.073500,0.073300,0.075700,0.088700,0.068400,0.068100,0.069700,0.071600,0.074100,0.070900,0.070100,0.073000,0.072400,0.072800,0.081200,0.066300,0.075600,0.077800,0.073800,0.075200,0.075700,0.072800,0.072800,0.064100,0.074200,0.074800,0.077700,0.084100,0.070600,0.071200,0.079700,0.074300,0.074100,0.075100,0.072300,0.074000,0.071800,0.076300,0.078800,0.071300,0.077700,0.075200,0.079000,0.074200,0.074200,0.073300,0.072200,0.065400,0.074300,0.073400,0.078700,0.072800,0.071300,0.070600,0.075300,0.075700,0.077300,0.076200,0.072800,0.072700,0.074500,0.075400,0.080700,0.069800,0.079600,0.075400,0.074800,0.075800,0.076100,0.072700,0.072600,0.066000,0.074400,0.072700,0.095100
Cycle_9	7917,30.0,0.079000,0.071600,0.069000,0.076300,0.073700,0.074900,0.075000,0.073200,0.074600,0.072900,0.072900,0.078600,0.069000,0.073800,0.073900,0.072000,0.072300,0.072200,0.071400,0.072300,0.063900,0.071800,0.073100,0.080800,0.085700,0.067500,0.068000,0.070500,0.071100,0.074100,0.069200,0.070100,0.072600,0.072300,0.073300,0.080900,0.066200,0.076500,0.076900,0.073600,0.073900,0.073600,0.073600,0.072300,0.065300,0.074500,0.075000,0.078800,0.083900,0.070300,0.068700,0.078200,0.072500,0.073600,0.075100,0.073400,0.074300,0.072700,0.076200,0.079000,0.071000,0.076900,0.074800,0.078500,0.075300,0.074500,0.073400,0.071400,0.064500,0.074700,0.074000,0.072000,0.071700,0.070700,0.070100,0.074900,0.076200,0.078800,0.075500,0.072400,0.072900,0.072500,0.075100,0.078100,0.069600,0.079000,0.072500,0.074400,0.076900,0.076600,0.072500,0.073000,0.065800,0.074100,0.071600,0.081800
Cycle_10	8797,30.0,0.080700,0.072300,0.069300,0.076400,0.074500,0.075100,0.075500,0.073600,0.074700,0.074000,0.074500,0.078100,0.068400,0.075300,0.074700,0.072100,0.072200,0.072700,0.072000,0.073200,0.064000,0.073800,0.072900,0.095300,0.086000,0.068800,0.068100,0.070700,0.069600,0.073900,0.071200,0.070200,0.072600,0.072900,0.073600,0.080500,0.066500,0.076600,0.078200,0.074700,0.074600,0.075800,0.073700,0.071200,0.065500,0.075900,0.076100,0.099500,0.097000,0.069600,0.068200,0.077900,0.074200,0.075500,0.074400,0.072600,0.074500,0.073200,0.075300,0.080300,0.071600,0.077200,0.075700,0.079600,0.075400,0.073700,0.073600,0.072000,0.064700,0.074100,0.074300,0.076700,0.077300,0.072200,0.069900,0.074400,0.077100,0.079800,0.074100,0.073400,0.072700,0.073900,0.074600,0.080000,0.070000,0.078800,0.074300,0.075400,0.076700,0.075600,0.072800,0.073700,0.065800,0.074800,0.074500,0.072600
Cycle_11	9678,29.9,0.080800,0.072800,0.068700,0.076900,0.074400,0.075400,0.075800,0.073800,0.074500,0.072600,0.073100,0.079800,0.069700,0.074100,0.074000,0.072000,0.073300,0.072300,0.072100,0.073100,0.063500,0.073200,0.073600,0.073600,0.087600,0.068300,0.067700,0.070700,0.071900,0.073600,0.070900,0.069300,0.072500,0.072400,0.073200,0.080200,0.066300,0.077100,0.077900,0.074300,0.074000,0.075900,0.073800,0.072900,0.064800,0.075000,0.075800,0.080000,0.093000,0.068900,0.068600,0.078500,0.073300,0.072600,0.074900,0.073100,0.073800,0.073200,0.076900,0.079000,0.072000,0.077100,0.076300,0.079100,0.075800,0.075900,0.072400,0.072300,0.065100,0.074900,0.073400,0.074700,0.081000,0.071300,0.070700,0.075300,0.075600,0.077900,0.076000,0.072900,0.072500,0.074000,0.074800,0.079600,0.070400,0.079000,0.074800,0.075900,0.076000,0.077300,0.073100,0.072800,0.065700,0.076100,0.072100,0.080400
Cycle_12	10558,30.2,0.084400,0.072900,0.070200,0.075700,0.074900,0.075600,0.076400,0.074600,0.075800,0.073200,0.074700,0.079900,0.069900,0.074000,0.074900,0.073200,0.074000,0.073000,0.072700,0.074400,0.063400,0.073900,0.074900,0.079400,0.082600,0.069100,0.068500,0.070700,0.072100,0.074200,0.071300,0.070000,0.071800,0.072400,0.073900,0.080700,0.067400,0.077800,0.079000,0.073500,0.075500,0.076200,0.074400,0.073500,0.065100,0.075400,0.077300,0.077800,0.092600,0.069000,0.068500,0.078300,0.075000,0.073900,0.073300,0.072700,0.074500,0.073700,0.077200,0.079600,0.072500,0.077500,0.076800,0.079600,0.076500,0.073700,0.074100,0.072900,0.065300,0.075200,0.074000,0.072200,0.081100,0.070200,0.069400,0.075400,0.077900,0.078600,0.076200,0.072900,0.073500,0.075300,0.075100,0.080100,0.070900,0.078100,0.074900,0.076800,0.077300,0.078200,0.073500,0.073800,0.065500,0.075800,0.075800,0.089400
Cycle_13	11438,29.9,0.085400,0.073600,0.070800,0.078000,0.074900,0.076700,0.077700,0.074800,0.076400,0.074400,0.075700,0.079400,0.070800,0.075800,0.076200,0.072900,0.074100,0.074000,0.073600,0.074300,0.064900,0.074500,0.074000,0.099200,0.083700,0.069700,0.071100,0.071700,0.072500,0.075100,0.073400,0.071000,0.072800,0.073200,0.074300,0.083300,0.068200,0.077900,0.078300,0.075800,0.075900,0.077500,0.075500,0.074400,0.065200,0.076700,0.077500,0.090300,0.088800,0.069400,0.069800,0.079900,0.076100,0.076800,0.075200,0.072800,0.075400,0.074400,0.077500,0.082000,0.073300,0.078100,0.076900,0.081200,0.076200,0.075800,0.075400,0.073900,0.065400,0.076200,0.075800,0.073900,0.087300,0.071200,0.070800,0.075000,0.078700,0.080500,0.076300,0.074800,0.074300,0.075800,0.076300,0.080300,0.072100,0.080600,0.076600,0.076700,0.079300,0.079000,0.074500,0.074300,0.066700,0.076600,0.076500,0.079300
Cycle_14	12319,30.0,0.087500,0.074400,0.071500,0.078800,0.076900,0.077000,0.078100,0.074100,0.076300,0.075800,0.076700,0.080300,0.071800,0.076900,0.077300,0.073900,0.074800,0.074800,0.074500,0.075700,0.065400,0.076300,0.074500,0.118600,0.083000,0.070500,0.070600,0.072500,0.071700,0.076700,0.074100,0.071300,0.074100,0.075200,0.075300,0.085200,0.069000,0.078500,0.080600,0.077900,0.076900,0.078200,0.076700,0.073900,0.065700,0.077300,0.079000,0.105300,0.090000,0.070600,0.069800,0.080300,0.076000,0.077600,0.076900,0.074200,0.076800,0.074800,0.077300,0.084000,0.073800,0.079400,0.078300,0.081400,0.078200,0.076700,0.075800,0.074600,0.065600,0.076800,0.077100,0.082000,0.095700,0.072000,0.071800,0.076300,0.080000,0.080500,0.076200,0.074700,0.074800,0.076200,0.077300,0.083100,0.072900,0.081100,0.077100,0.077500,0.078100,0.078900,0.075600,0.076500,0.067000,0.077300,0.077300,0.078600
Cycle_15	13199,30.1,0.089400,0.074400,0.071200,0.078900,0.076500,0.078000,0.077400,0.075400,0.078200,0.076200,0.076800,0.081700,0.072100,0.077400,0.077300,0.075900,0.075100,0.075000,0.075000,0.075600,0.065300,0.076400,0.075600,0.116900,0.084500,0.070600,0.070200,0.070900,0.073400,0.076400,0.073300,0.072500,0.074600,0.075100,0.075800,0.086000,0.069500,0.078500,0.080600,0.077400,0.077400,0.077700,0.076700,0.076600,0.065600,0.077700,0.078800,0.094300,0.088500,0.069800,0.070700,0.079700,0.076600,0.076600,0.076300,0.075500,0.076300,0.075000,0.079400,0.082900,0.074200,0.079300,0.078000,0.081300,0.078200,0.077300,0.076900,0.075500,0.066300,0.077000,0.076800,0.076200,0.102600,0.071700,0.071300,0.077200,0.080300,0.080600,0.075500,0.074500,0.075500,0.077200,0.078600,0.080900,0.073100,0.081700,0.077700,0.078000,0.080100,0.079200,0.075700,0.075800,0.067600,0.077300,0.076500,0.086700
Cycle_16	14079,30.0,0.087400,0.076200,0.073100,0.080000,0.077700,0.079100,0.079000,0.077400,0.077700,0.074900,0.077800,0.085000,0.073700,0.079000,0.078900,0.075700,0.078000,0.075900,0.076000,0.077600,0.065500,0.077400,0.076500,0.081800,0.085500,0.071700,0.070600,0.073900,0.075000,0.077100,0.073400,0.074500,0.075800,0.075300,0.076800,0.084200,0.070100,0.080600,0.082100,0.077600,0.079200,0.078500,0.077600,0.076900,0.066400,0.078700,0.079700,0.089500,0.088400,0.070900,0.071300,0.081900,0.076100,0.077300,0.078600,0.075700,0.076900,0.076400,0.080200,0.080800,0.075400,0.080300,0.080500,0.083400,0.079600,0.079000,0.078100,0.074800,0.066300,0.078100,0.078100,0.088000,0.104600,0.072400,0.074700,0.078800,0.079800,0.082200,0.078700,0.075400,0.075700,0.077700,0.078300,0.083500,0.074300,0.082800,0.076900,0.079100,0.080500,0.081700,0.077700,0.076600,0.067400,0.078900,0.078000,0.091500
Cycle_17	14959,30.0,0.089200,0.076700,0.071400,0.082100,0.079600,0.079800,0.081000,0.078000,0.079300,0.077600,0.078900,0.083800,0.073900,0.080100,0.079200,0.077600,0.078500,0.078000,0.077800,0.078400,0.066600,0.078300,0.077400,0.098800,0.083900,0.072000,0.072000,0.076000,0.075500,0.079200,0.075700,0.074600,0.076800,0.077300,0.078500,0.086000,0.070900,0.082700,0.083900,0.079700,0.078200,0.080700,0.079500,0.078100,0.066700,0.080400,0.081100,0.101900,0.087400,0.072300,0.071600,0.083100,0.077700,0.078700,0.078700,0.077000,0.078900,0.078100,0.081400,0.086500,0.076900,0.082600,0.081000,0.085100,0.080000,0.079000,0.077800,0.077000,0.066800,0.081600,0.079900,0.084200,0.101000,0.073800,0.073300,0.079300,0.082800,0.084700,0.079100,0.076700,0.078300,0.077900,0.079800,0.090300,0.075500,0.084100,0.079300,0.080600,0.081800,0.081100,0.078500,0.078800,0.068000,0.080600,0.079900,0.079600
Cycle_18	15840,30.1,0.092200,0.077400,0.076200,0.082200,0.079900,0.081200,0.080800,0.078400,0.080000,0.077800,0.080300,0.087600,0.075100,0.080300,0.079200,0.077600,0.079200,0.078600,0.078000,0.079500,0.065600,0.079700,0.079300,0.079800,0.084100,0.072900,0.072100,0.076000,0.076900,0.078600,0.076500,0.075400,0.078100,0.078400,0.079600,0.089300,0.072400,0.083100,0.083500,0.079800,0.081600,0.081000,0.079300,0.078800,0.066600,0.080400,0.082300,0.081000,0.089700,0.072600,0.071600,0.082700,0.079700,0.079800,0.079700,0.077600,0.078600,0.078100,0.081700,0.084700,0.077500,0.083100,0.082300,0.085000,0.081300,0.081000,0.079600,0.076800,0.066400,0.080200,0.079700,0.078100,0.094600,0.073800,0.074300,0.080800,0.081000,0.083300,0.081000,0.077200,0.077200,0.080000,0.080500,0.084800,0.076400,0.085000,0.080400,0.080000,0.082600,0.083500,0.079200,0.078400,0.067300,0.080400,0.080900,0.086400
Cycle_19	16720,29.9,0.092000,0.079200,0.073700,0.083000,0.081800,0.083000,0.081100,0.080200,0.082100,0.080400,0.081600,0.086600,0.077900,0.081700,0.081000,0.078300,0.079800,0.079100,0.079600,0.081500,0.066000,0.080800,0.079400,0.082000,0.085700,0.074100,0.072200,0.076400,0.077200,0.079900,0.079900,0.076600,0.078700,0.079200,0.080300,0.088400,0.073800,0.082700,0.085800,0.081400,0.081700,0.083100,0.080700,0.080000,0.066200,0.081600,0.082100,0.089000,0.090200,0.073100,0.072900,0.086300,0.079400,0.080700,0.081100,0.078800,0.080200,0.078000,0.084200,0.086100,0.078600,0.083900,0.082100,0.086600,0.082600,0.082100,0.080900,0.078100,0.067400,0.082700,0.081300,0.081100,0.094900,0.075300,0.074000,0.081400,0.082800,0.084800,0.081300,0.078300,0.080100,0.081900,0.081500,0.091000,0.077700,0.085800,0.080800,0.082300,0.083600,0.082200,0.079400,0.080300,0.068500,0.082900,0.082300,0.083100
Cycle_20	17600,30.0,0.097500,0.082000,0.075300,0.084100,0.085500,0.084200,0.084800,0.082400,0.082900,0.081900,0.083100,0.088700,0.083100,0.083600,0.082700,0.079900,0.080800,0.081500,0.081300,0.080400,0.066200,0.081500,0.081400,0.094500,0.088600,0.077000,0.074200,0.077300,0.077900,0.081600,0.080200,0.077100,0.078700,0.080000,0.081700,0.091300,0.074900,0.084300,0.085600,0.082300,0.082400,0.083400,0.082000,0.081600,0.067100,0.083000,0.083500,0.089100,0.091300,0.074700,0.074300,0.086300,0.081600,0.082500,0.080800,0.079200,0.082300,0.081400,0.085200,0.091400,0.079800,0.085300,0.083500,0.087500,0.082300,0.082400,0.081800,0.079800,0.067600,0.083000,0.083300,0.080000,0.091100,0.077000,0.075300,0.081900,0.084200,0.087300,0.083100,0.080200,0.081000,0.082800,0.083400,0.090100,0.077500,0.086700,0.082600,0.083000,0.085400,0.084400,0.081600,0.080800,0.067300,0.083300,0.082800,0.085400
Cycle_21	18481,30.2,0.098200,0.082600,0.076700,0.087400,0.086500,0.084300,0.086000,0.082900,0.084600,0.083600,0.085400,0.090500,0.082100,0.085900,0.086500,0.081700,0.083500,0.082100,0.083000,0.083400,0.067000,0.083700,0.082600,0.094700,0.091100,0.079100,0.074100,0.079300,0.081000,0.083800,0.081800,0.079600,0.082300,0.082900,0.082300,0.094700,0.078400,0.085400,0.087500,0.084800,0.084400,0.085400,0.084400,0.083300,0.067300,0.084100,0.085900,0.091200,0.091300,0.076600,0.076500,0.087600,0.083600,0.083800,0.083800,0.081900,0.083500,0.082100,0.086700,0.091700,0.081000,0.086400,0.083800,0.088300,0.085400,0.084800,0.084100,0.082100,0.067300,0.085000,0.084400,0.081700,0.093400,0.077400,0.076700,0.084800,0.087400,0.087900,0.084300,0.081000,0.082300,0.083700,0.085700,0.092800,0.080500,0.089400,0.083800,0.085200,0.086400,0.087500,0.082600,0.082900,0.069700,0.084800,0.085000,0.086000
Cycle_22	19361,30.1,0.098500,0.086500,0.078000,0.088700,0.086700,0.085900,0.087500,0.085300,0.087300,0.085700,0.087100,0.093000,0.082300,0.087400,0.086800,0.084400,0.084100,0.085100,0.085200,0.085700,0.067900,0.085000,0.085000,0.095300,0.090500,0.078600,0.076500,0.081400,0.081400,0.086700,0.083900,0.080900,0.083600,0.084800,0.085900,0.094500,0.079200,0.086800,0.091300,0.086500,0.085600,0.087000,0.085900,0.084600,0.068200,0.087000,0.087500,0.097700,0.093500,0.077500,0.077700,0.090600,0.084100,0.087300,0.086300,0.083800,0.086500,0.084400,0.088400,0.094700,0.082900,0.090200,0.086300,0.090400,0.087000,0.085400,0.086100,0.083600,0.068000,0.087600,0.086500,0.084500,0.092000,0.080100,0.079000,0.086300,0.088100,0.092000,0.085200,0.083600,0.086900,0.087000,0.087300,0.097300,0.083200,0.091200,0.086400,0.087400,0.090000,0.086500,0.085100,0.085700,0.070200,0.087300,0.088200,0.087200
Cycle_23	20241,30.3,0.099600,0.084600,0.079600,0.090500,0.087800,0.089900,0.090400,0.086500,0.088100,0.088400,0.089000,0.095700,0.083100,0.087900,0.087800,0.085400,0.086100,0.087100,0.087100,0.087100,0.068700,0.088200,0.087100,0.101700,0.091100,0.081000,0.078400,0.083400,0.084100,0.087300,0.086300,0.083400,0.086100,0.087100,0.089100,0.099600,0.080300,0.091000,0.091500,0.087500,0.088900,0.089100,0.087300,0.087100,0.069600,0.089500,0.089700,0.094100,0.094200,0.080700,0.077700,0.089900,0.087500,0.088200,0.088500,0.087000,0.088900,0.086700,0.091600,0.100000,0.085200,0.090400,0.090400,0.092200,0.089500,0.088400,0.088500,0.086600,0.068200,0.089600,0.090300,0.087800,0.094100,0.081600,0.078900,0.088200,0.091900,0.092900,0.088800,0.084600,0.086800,0.088900,0.090400,0.095900,0.084800,0.095100,0.089400,0.088600,0.091800,0.092000,0.087900,0.086700,0.071300,0.089300,0.089900,0.091100
Cycle_24	21122,30.3,0.101400,0.085900,0.079900,0.091600,0.089800,0.091100,0.091400,0.087900,0.091200,0.088300,0.090500,0.099900,0.084700,0.089800,0.088800,0.086500,0.087500,0.087300,0.087900,0.087600,0.069400,0.089000,0.088700,0.091500,0.091800,0.081400,0.077900,0.084600,0.086000,0.088900,0.085800,0.084500,0.086400,0.087600,0.091200,0.099300,0.081400,0.091500,0.092800,0.088000,0.090200,0.091100,0.089200,0.088000,0.069100,0.090200,0.091400,0.092500,0.094700,0.080100,0.077000,0.093900,0.088500,0.088000,0.089000,0.087800,0.089200,0.089400,0.094100,0.096000,0.086200,0.093000,0.091100,0.093600,0.089400,0.090000,0.089100,0.086900,0.069200,0.089000,0.088900,0.088800,0.099000,0.082700,0.080600,0.089000,0.090200,0.092900,0.091100,0.086600,0.088400,0.089200,0.089900,0.096600,0.085200,0.094500,0.090300,0.091100,0.091700,0.093200,0.089400,0.088200,0.070600,0.092000,0.090500,0.097000
Cycle_25	22002,30.4,0.108300,0.087900,0.081600,0.094700,0.091300,0.093400,0.093500,0.091100,0.093700,0.092500,0.093800,0.102200,0.086200,0.091800,0.092100,0.089500,0.090000,0.090400,0.090900,0.090200,0.072100,0.092000,0.091600,0.095300,0.095300,0.083800,0.082800,0.087100,0.087600,0.091400,0.088500,0.087900,0.089700,0.088800,0.092200,0.103500,0.083500,0.094300,0.094800,0.090800,0.093000,0.092500,0.091300,0.090800,0.069800,0.092800,0.093900,0.096200,0.098200,0.082500,0.079300,0.096500,0.090900,0.091100,0.092000,0.089700,0.091300,0.090700,0.095700,0.099900,0.088600,0.095100,0.095100,0.096200,0.090800,0.092300,0.091500,0.089000,0.070100,0.092000,0.092000,0.091000,0.097700,0.084400,0.082000,0.092800,0.093000,0.095500,0.093400,0.089200,0.090400,0.091400,0.093900,0.100300,0.088600,0.096700,0.093000,0.092400,0.093200,0.095600,0.092100,0.090100,0.070700,0.092700,0.092000,0.097700
Cycle_26	22882,30.4,0.110000,0.090000,0.082400,0.096600,0.094300,0.095200,0.095800,0.093000,0.094600,0.093800,0.094100,0.101600,0.088500,0.094500,0.094900,0.091300,0.092600,0.092100,0.092100,0.092300,0.069200,0.091600,0.092200,0.098000,0.096400,0.084800,0.081900,0.089200,0.089100,0.092100,0.091500,0.087900,0.090800,0.092200,0.094400,0.102000,0.084500,0.095000,0.098500,0.092300,0.092200,0.094900,0.092600,0.092000,0.070900,0.093700,0.094100,0.101000,0.098400,0.084300,0.080200,0.097100,0.090500,0.092100,0.094200,0.091000,0.093200,0.093400,0.097100,0.101900,0.089400,0.097000,0.095500,0.098000,0.093800,0.093500,0.092700,0.090300,0.070000,0.095400,0.094000,0.093600,0.099800,0.086500,0.084100,0.094100,0.095000,0.099700,0.093400,0.090300,0.093200,0.092100,0.094600,0.105400,0.089000,0.099800,0.092800,0.095100,0.096600,0.095200,0.093200,0.092300,0.071300,0.095100,0.096100,0.097100
Cycle_27	23765,30.3,0.112800,0.091400,0.087400,0.098100,0.095100,0.097500,0.097500,0.093900,0.097600,0.094400,0.097000,0.106200,0.089800,0.095100,0.094500,0.092700,0.093600,0.093600,0.093600,0.094200,0.069200,0.094400,0.095400,0.097600,0.097400,0.086400,0.083500,0.090200,0.091300,0.093800,0.092100,0.091700,0.093100,0.094200,0.096100,0.106700,0.086200,0.097100,0.098700,0.093000,0.095800,0.094100,0.094600,0.093600,0.069700,0.094300,0.096200,0.097000,0.100400,0.085800,0.080800,0.097900,0.093700,0.093400,0.094500,0.094100,0.093700,0.094600,0.099000,0.105000,0.092100,0.098100,0.097300,0.098600,0.096300,0.096200,0.094300,0.090500,0.070100,0.094500,0.095600,0.092700,0.101000,0.087600,0.084600,0.096000,0.096900,0.098300,0.095900,0.091800,0.092000,0.094900,0.096800,0.102600,0.091100,0.100300,0.095800,0.095600,0.096400,0.097900,0.093600,0.093300,0.071700,0.095500,0.097000,0.099000
Cycle_28	24643,30.3,0.114300,0.096100,0.088400,0.102300,0.099300,0.100400,0.101000,0.098600,0.101000,0.099300,0.101700,0.111700,0.094000,0.100500,0.099300,0.096500,0.097400,0.097700,0.097600,0.096700,0.072400,0.097400,0.098900,0.099900,0.101000,0.090400,0.088100,0.093000,0.094500,0.097900,0.095900,0.094600,0.096600,0.097600,0.099800,0.111500,0.090000,0.099200,0.104100,0.097800,0.100000,0.099500,0.097500,0.097400,0.072200,0.097900,0.100100,0.102600,0.105200,0.089000,0.084700,0.102800,0.098200,0.098000,0.100400,0.098800,0.098100,0.098000,0.104100,0.108600,0.095300,0.103600,0.102000,0.102800,0.098800,0.100300,0.098900,0.095600,0.072600,0.098300,0.098600,0.098000,0.107100,0.090100,0.089100,0.099400,0.099900,0.103800,0.098900,0.095700,0.097800,0.098900,0.100300,0.108400,0.094600,0.104400,0.099900,0.100200,0.100000,0.099400,0.098400,0.096800,0.073300,0.100100,0.101700,0.102200
Cycle_29	25523,30.4,0.119300,0.097200,0.089100,0.102200,0.101700,0.102400,0.105100,0.100100,0.103800,0.102100,0.103200,0.111700,0.095700,0.100400,0.102200,0.100000,0.099400,0.100400,0.100000,0.099100,0.070700,0.100500,0.099900,0.112400,0.104200,0.092000,0.089600,0.096900,0.096000,0.100800,0.099100,0.095600,0.099000,0.099900,0.102300,0.113500,0.092200,0.102700,0.104700,0.099400,0.101000,0.101500,0.101800,0.098400,0.072500,0.100600,0.102600,0.107300,0.104900,0.091500,0.087300,0.104400,0.098800,0.100300,0.101000,0.099800,0.101700,0.100400,0.105300,0.115000,0.096400,0.105100,0.102700,0.105200,0.103100,0.100000,0.100900,0.096800,0.072600,0.101500,0.103500,0.099700,0.105000,0.093000,0.087800,0.101100,0.102400,0.106600,0.101500,0.098900,0.099100,0.100100,0.102100,0.113100,0.096300,0.107200,0.101600,0.100900,0.104700,0.103400,0.100200,0.098900,0.074600,0.099700,0.102800,0.100600
Cycle_30	26396,30.3,0.125500,0.099300,0.091500,0.106900,0.103000,0.106300,0.107900,0.104100,0.106300,0.105300,0.107600,0.115400,0.099100,0.105200,0.105400,0.102100,0.102300,0.102600,0.102300,0.102900,0.073500,0.102900,0.102900,0.113200,0.106000,0.094800,0.092900,0.100100,0.099700,0.103700,0.101500,0.099300,0.101400,0.101400,0.106100,0.117300,0.094700,0.105900,0.106300,0.102200,0.103900,0.104100,0.102700,0.101000,0.074100,0.103700,0.105200,0.108900,0.109100,0.094200,0.091400,0.106800,0.102000,0.102700,0.104100,0.102300,0.104700,0.103800,0.108400,0.117500,0.099500,0.107200,0.105100,0.107000,0.105700,0.104300,0.102900,0.101100,0.073200,0.103800,0.105600,0.102600,0.109300,0.095100,0.092100,0.104800,0.106000,0.109300,0.103900,0.102500,0.102000,0.103000,0.106600,0.116200,0.099200,0.108400,0.104200,0.104600,0.107100,0.106900,0.101900,0.101100,0.075800,0.103200,0.105300,0.103200
Cycle_31	27276,30.3,0.126400,0.102500,0.094500,0.110700,0.107600,0.109600,0.111900,0.107100,0.109500,0.109300,0.111300,0.121500,0.101200,0.107900,0.107900,0.104800,0.105400,0.106700,0.106400,0.105300,0.074100,0.105900,0.106400,0.113000,0.109100,0.097500,0.093500,0.102300,0.101500,0.105900,0.103900,0.102400,0.104900,0.106200,0.109400,0.122700,0.097500,0.108200,0.110400,0.104400,0.107000,0.106800,0.105100,0.104000,0.075100,0.105600,0.108300,0.108500,0.113100,0.096800,0.092000,0.110000,0.105300,0.105900,0.107900,0.107600,0.107600,0.107800,0.111800,0.121000,0.102300,0.110600,0.109300,0.109600,0.107300,0.108100,0.106700,0.103300,0.073200,0.104900,0.107600,0.104000,0.115100,0.097800,0.094600,0.108700,0.108300,0.110800,0.108200,0.102300,0.104100,0.106700,0.110200,0.118700,0.102300,0.111400,0.108300,0.105800,0.108400,0.109400,0.105800,0.104500,0.076000,0.105300,0.107300,0.106700
Cycle_32	28156,30.3,0.131500,0.106500,0.096800,0.113200,0.111700,0.112400,0.116700,0.111500,0.113700,0.113400,0.116700,0.124400,0.105600,0.112500,0.112400,0.108600,0.109400,0.110700,0.110400,0.107900,0.076100,0.110100,0.109300,0.120600,0.114800,0.100700,0.099300,0.106300,0.106600,0.110400,0.108600,0.107300,0.108000,0.111100,0.112600,0.125100,0.101900,0.111300,0.114900,0.107100,0.111100,0.110500,0.109900,0.108200,0.077000,0.109800,0.112200,0.114000,0.117900,0.101000,0.096800,0.113500,0.109100,0.110500,0.111100,0.111100,0.112600,0.111400,0.117100,0.127500,0.105300,0.115200,0.112400,0.114200,0.112300,0.109400,0.110300,0.107400,0.075900,0.110900,0.112600,0.108800,0.115900,0.101200,0.098200,0.112500,0.114000,0.115500,0.110800,0.107600,0.110600,0.110900,0.113500,0.124200,0.105400,0.114800,0.111800,0.111100,0.114300,0.112300,0.109500,0.108700,0.076100,0.109800,0.112400,0.110000
Cycle_33	29037,30.4,0.131900,0.109900,0.100300,0.117100,0.115000,0.116400,0.120200,0.117200,0.119200,0.117900,0.120300,0.130300,0.109900,0.115500,0.116400,0.112300,0.113100,0.113800,0.113600,0.113400,0.076500,0.112200,0.114600,0.122800,0.118300,0.104800,0.101600,0.110400,0.110900,0.114200,0.113100,0.110600,0.112100,0.114300,0.117400,0.127200,0.105900,0.115400,0.121000,0.111100,0.113400,0.114900,0.111600,0.110700,0.078000,0.111400,0.115300,0.119200,0.121000,0.104200,0.099400,0.118800,0.111200,0.114000,0.116500,0.114400,0.116000,0.116400,0.120700,0.129800,0.108100,0.118600,0.117100,0.117700,0.114400,0.114200,0.114100,0.110600,0.077800,0.113900,0.116400,0.116900,0.120600,0.105800,0.101400,0.116200,0.116400,0.119300,0.115300,0.110400,0.113300,0.114200,0.116100,0.133400,0.110200,0.119900,0.115300,0.114800,0.117500,0.115500,0.112800,0.111400,0.078300,0.113400,0.117800,0.115500
Cycle_34	29917,30.4,0.142100,0.114800,0.105600,0.122300,0.118600,0.120800,0.124000,0.120900,0.124500,0.122500,0.125300,0.137700,0.113800,0.120200,0.120500,0.116100,0.116200,0.115900,0.118100,0.117800,0.078300,0.117600,0.120200,0.125900,0.122600,0.109000,0.104400,0.113900,0.114900,0.119500,0.117000,0.115000,0.116100,0.119400,0.121200,0.137700,0.110100,0.117900,0.122600,0.115700,0.119300,0.118400,0.116100,0.116000,0.078300,0.116600,0.120300,0.120200,0.126700,0.108100,0.102300,0.122000,0.117500,0.116700,0.121000,0.120900,0.119600,0.120000,0.125900,0.136600,0.113600,0.123700,0.120800,0.120100,0.119400,0.118300,0.119000,0.114600,0.078500,0.118100,0.121700,0.116600,0.124600,0.108600,0.105000,0.121800,0.122300,0.122400,0.119300,0.115900,0.116700,0.119400,0.123200,0.132900,0.114900,0.124700,0.119400,0.118300,0.122100,0.122400,0.116500,0.115300,0.080300,0.117600,0.121300,0.118200
Cycle_35	30797,30.3,0.149100,0.119100,0.107800,0.125100,0.124000,0.126200,0.131500,0.126800,0.130900,0.128300,0.131000,0.143500,0.118500,0.124800,0.124100,0.119700,0.119800,0.120700,0.124000,0.123100,0.078800,0.122400,0.124600,0.127100,0.125700,0.111600,0.109300,0.119500,0.120900,0.124300,0.121700,0.118200,0.120900,0.123200,0.127500,0.141500,0.114000,0.123600,0.127900,0.118600,0.123100,0.123200,0.120700,0.119400,0.080400,0.119900,0.124900,0.122800,0.130700,0.111800,0.104000,0.127900,0.120700,0.122400,0.124900,0.126600,0.124300,0.125600,0.132400,0.139700,0.118300,0.128700,0.126900,0.124600,0.123800,0.121200,0.122400,0.119200,0.080000,0.122000,0.125100,0.121900,0.131700,0.113500,0.110100,0.126300,0.124400,0.126000,0.125200,0.118900,0.121600,0.125000,0.126100,0.136700,0.118900,0.126500,0.125600,0.123500,0.125100,0.126000,0.121300,0.118600,0.080300,0.121100,0.124300,0.121700
Cycle_36	31667,30.2,0.154600,0.125300,0.113500,0.133700,0.127400,0.131400,0.138100,0.132500,0.134300,0.134000,0.138200,0.146900,0.124600,0.131500,0.132000,0.124600,0.125200,0.126600,0.130000,0.127600,0.082700,0.128000,0.130300,0.140500,0.133200,0.118100,0.113800,0.126700,0.125600,0.130700,0.128400,0.126200,0.126300,0.130000,0.133300,0.148400,0.118900,0.128800,0.133400,0.125100,0.128900,0.129200,0.128000,0.124500,0.081600,0.126000,0.129500,0.131500,0.136200,0.116900,0.110300,0.132900,0.126800,0.129500,0.131400,0.131400,0.132000,0.131400,0.139000,0.150200,0.123300,0.133500,0.130800,0.128800,0.128100,0.126400,0.130600,0.124900,0.082400,0.128700,0.131200,0.126100,0.136300,0.117800,0.115000,0.131200,0.130800,0.134000,0.131900,0.126200,0.126700,0.129300,0.132600,0.146100,0.124900,0.133200,0.130900,0.128700,0.132900,0.131600,0.125200,0.125300,0.081800,0.126300,0.129900,0.127300
Cycle_37	32548,30.3,0.158600,0.130600,0.116500,0.138300,0.133500,0.136300,0.142800,0.138300,0.140200,0.137700,0.143600,0.153900,0.130600,0.136100,0.136900,0.129000,0.129400,0.131000,0.135000,0.132500,0.084400,0.133300,0.135600,0.143500,0.140100,0.122000,0.117400,0.130900,0.130300,0.134000,0.133200,0.130000,0.131300,0.134800,0.138700,0.151700,0.123800,0.134700,0.138200,0.130300,0.133700,0.131500,0.131700,0.129100,0.083200,0.130100,0.134700,0.136500,0.142800,0.121800,0.113900,0.137600,0.129300,0.132300,0.139200,0.137600,0.136500,0.136800,0.142900,0.155400,0.128000,0.139100,0.136300,0.133700,0.131800,0.131300,0.134900,0.129500,0.082700,0.133200,0.136900,0.131200,0.138700,0.123100,0.122000,0.137600,0.138500,0.140200,0.134800,0.131000,0.132200,0.135800,0.138700,0.151800,0.127400,0.139200,0.134300,0.133100,0.137400,0.135800,0.130700,0.130100,0.084500,0.131300,0.135600,0.129500
Cycle_38	33428,30.3,0.168300,0.136500,0.122300,0.142600,0.139100,0.141900,0.149300,0.144200,0.147600,0.146000,0.148800,0.162600,0.135100,0.142400,0.143000,0.133900,0.134900,0.135800,0.141800,0.138100,0.085000,0.139000,0.141700,0.149700,0.145100,0.128200,0.123200,0.135700,0.137100,0.142600,0.140100,0.136800,0.136700,0.142400,0.144400,0.161000,0.129700,0.138500,0.143000,0.135500,0.137700,0.138100,0.136900,0.135700,0.084700,0.135800,0.139300,0.140200,0.147900,0.126600,0.119200,0.141700,0.135600,0.137900,0.145200,0.143700,0.142000,0.143100,0.149300,0.164000,0.133600,0.146100,0.141000,0.138500,0.136600,0.136100,0.141300,0.135300,0.084300,0.138200,0.141400,0.139200,0.147700,0.127400,0.123900,0.144000,0.141600,0.146300,0.141700,0.135900,0.137200,0.140800,0.144100,0.158500,0.134700,0.146200,0.142600,0.138900,0.142600,0.140100,0.137000,0.132600,0.085500,0.134600,0.140700,0.134700
Cycle_39	34308,30.4,0.176400,0.143800,0.127000,0.148900,0.145100,0.146500,0.158600,0.151900,0.154800,0.152600,0.157300,0.168100,0.142100,0.148800,0.151200,0.139100,0.139900,0.141900,0.148900,0.146800,0.086400,0.145800,0.148300,0.158500,0.153100,0.133000,0.131100,0.144400,0.145100,0.149600,0.147500,0.143200,0.144500,0.149600,0.154000,0.169600,0.135200,0.146300,0.151100,0.143000,0.146600,0.145900,0.143800,0.141200,0.086600,0.140700,0.147400,0.147400,0.155500,0.134900,0.124500,0.149900,0.141700,0.146400,0.151800,0.151400,0.149100,0.149800,0.157500,0.169400,0.139100,0.152200,0.150300,0.143200,0.144600,0.141200,0.148600,0.142600,0.086500,0.145300,0.150300,0.143700,0.154300,0.134400,0.130500,0.152500,0.149100,0.151900,0.147500,0.143000,0.145100,0.148200,0.151300,0.165900,0.140000,0.152100,0.149000,0.146100,0.151800,0.147700,0.144100,0.141200,0.088600,0.143300,0.148000,0.140900
Cycle_40	35189,30.4,0.182400,0.149600,0.134000,0.156300,0.151500,0.153000,0.164400,0.159600,0.162900,0.160600,0.165300,0.179700,0.149200,0.157300,0.157400,0.143300,0.145800,0.146900,0.155400,0.153500,0.089000,0.152500,0.157100,0.158600,0.160800,0.140200,0.132900,0.151100,0.153200,0.155600,0.155100,0.150300,0.151000,0.155900,0.160900,0.176500,0.142400,0.152200,0.158300,0.148100,0.152900,0.151700,0.149700,0.146400,0.088800,0.144800,0.154400,0.154000,0.165900,0.141500,0.128300,0.156100,0.147300,0.150700,0.158000,0.158300,0.154000,0.155900,0.163500,0.173500,0.146200,0.160500,0.157400,0.147000,0.149000,0.147700,0.155000,0.147500,0.088400,0.150700,0.155600,0.152300,0.164600,0.139800,0.136300,0.157700,0.153100,0.159500,0.155700,0.147900,0.150900,0.154500,0.158400,0.175800,0.146900,0.158000,0.155400,0.153400,0.156200,0.152800,0.148600,0.146400,0.088700,0.148400,0.154000,0.148700
Cycle_41	36069,30.5,0.195200,0.157800,0.138700,0.163100,0.158300,0.161200,0.174800,0.168500,0.169400,0.166500,0.171600,0.185500,0.156300,0.165300,0.166500,0.150800,0.151800,0.152500,0.164900,0.162400,0.091200,0.161100,0.166100,0.175400,0.170000,0.147400,0.141700,0.160000,0.159800,0.163900,0.162400,0.156200,0.160900,0.166200,0.171100,0.189100,0.150300,0.158100,0.165500,0.156800,0.160600,0.159400,0.157800,0.155700,0.091000,0.156000,0.162300,0.158900,0.173200,0.149000,0.134200,0.161000,0.153300,0.157000,0.167800,0.165500,0.164500,0.163800,0.172400,0.187200,0.153300,0.168000,0.163800,0.154000,0.155300,0.154100,0.163100,0.158100,0.089800,0.160100,0.164800,0.158700,0.171700,0.148400,0.142900,0.167900,0.165800,0.167400,0.163300,0.157700,0.159800,0.162800,0.167600,0.183800,0.155000,0.167800,0.163100,0.158900,0.166200,0.163600,0.156900,0.154000,0.091500,0.155800,0.162400,0.155800
Cycle_42	36949,30.6,0.202500,0.166000,0.146800,0.171100,0.164900,0.167700,0.181800,0.176400,0.178000,0.174700,0.181500,0.198700,0.163900,0.171000,0.172700,0.156100,0.158700,0.158700,0.173900,0.169600,0.092300,0.169800,0.174200,0.175700,0.179100,0.154800,0.146900,0.167800,0.166800,0.171000,0.170800,0.167000,0.166600,0.174200,0.180100,0.199600,0.158200,0.167700,0.173500,0.160900,0.168200,0.169300,0.164900,0.160600,0.092700,0.161800,0.169500,0.166900,0.184900,0.155700,0.140800,0.170200,0.161600,0.162300,0.175700,0.175600,0.171100,0.172000,0.180900,0.191700,0.162400,0.176500,0.173100,0.160300,0.159000,0.160900,0.172200,0.163900,0.091800,0.166500,0.171300,0.169300,0.182600,0.156300,0.152400,0.175100,0.171800,0.177500,0.172800,0.165000,0.167600,0.172400,0.176600,0.193800,0.164200,0.174200,0.173200,0.168400,0.172600,0.169400,0.164500,0.160100,0.092900,0.162900,0.170000,0.164900
Cycle_43	37830,30.5,0.215500,0.176400,0.155800,0.179600,0.174300,0.176300,0.190300,0.185900,0.188500,0.183200,0.190500,0.204500,0.172500,0.181400,0.183400,0.162200,0.162900,0.165300,0.183400,0.181400,0.095200,0.179300,0.186000,0.187100,0.187400,0.163700,0.152800,0.175600,0.176400,0.183400,0.180900,0.176000,0.176500,0.184500,0.191000,0.209500,0.167400,0.175600,0.183200,0.171200,0.179600,0.176600,0.174400,0.170500,0.095700,0.171200,0.180000,0.171900,0.193300,0.164100,0.146600,0.176800,0.170500,0.170000,0.185000,0.183500,0.179300,0.177800,0.187800,0.200000,0.170000,0.186300,0.182700,0.167000,0.168100,0.166300,0.181300,0.172800,0.094200,0.174900,0.182200,0.178400,0.194700,0.164800,0.157400,0.186200,0.181800,0.184000,0.180100,0.172900,0.175400,0.182500,0.188100,0.204200,0.173000,0.182800,0.183400,0.177100,0.183000,0.179200,0.173700,0.169100,0.094800,0.169800,0.178600,0.170900
Cycle_44	38710,30.7,0.223600,0.187400,0.162500,0.188400,0.181400,0.186200,0.201800,0.195600,0.197300,0.191900,0.198800,0.217800,0.183300,0.193800,0.193700,0.168700,0.172400,0.172200,0.194100,0.192100,0.097200,0.188500,0.197300,0.199200,0.198100,0.173700,0.161100,0.186800,0.188300,0.194200,0.190500,0.187900,0.186400,0.193800,0.201700,0.220500,0.178000,0.186700,0.194000,0.181200,0.187900,0.188300,0.184800,0.180100,0.097600,0.179000,0.189400,0.185700,0.203000,0.175200,0.154800,0.188000,0.177300,0.178800,0.194900,0.193600,0.188500,0.188000,0.197800,0.210300,0.179000,0.196900,0.192700,0.173900,0.174800,0.173300,0.190500,0.181200,0.095400,0.184800,0.193300,0.189300,0.204800,0.175000,0.168000,0.197500,0.192600,0.196700,0.194500,0.184000,0.186500,0.191500,0.198200,0.215000,0.181600,0.195100,0.192800,0.190400,0.192700,0.188600,0.182200,0.178400,0.098000,0.180400,0.189500,0.180600
Cycle_45	39590,30.5,0.244100,0.200100,0.170700,0.198800,0.193200,0.193500,0.213100,0.206100,0.208400,0.202900,0.210600,0.221800,0.195100,0.206400,0.208300,0.178800,0.179900,0.182300,0.207900,0.203300,0.101300,0.202000,0.206200,0.214600,0.213800,0.183400,0.171900,0.198700,0.199000,0.208000,0.205800,0.199700,0.200100,0.209200,0.214500,0.233200,0.187400,0.196900,0.205500,0.194000,0.200400,0.199200,0.194900,0.192600,0.099600,0.189400,0.200900,0.199900,0.217100,0.186900,0.164900,0.197500,0.186800,0.191000,0.204200,0.202600,0.199900,0.196100,0.207600,0.223800,0.188400,0.208500,0.201900,0.181500,0.184500,0.181300,0.205700,0.194900,0.099500,0.199400,0.207300,0.200200,0.212400,0.185400,0.178000,0.211500,0.204900,0.208100,0.203000,0.198000,0.199200,0.203800,0.212400,0.233200,0.194600,0.207100,0.205400,0.200600,0.207700,0.200100,0.195800,0.191900,0.101400,0.191800,0.203300,0.189200
Cycle_46	40471,30.7,0.250900,0.210800,0.182700,0.207800,0.201700,0.206100,0.222600,0.215600,0.217600,0.211300,0.218100,0.235300,0.204900,0.216600,0.218800,0.184200,0.187700,0.189800,0.220400,0.216900,0.103300,0.214400,0.220800,0.224900,0.223000,0.194800,0.183300,0.212100,0.211200,0.219200,0.218300,0.212500,0.210500,0.220500,0.228500,0.246100,0.202400,0.211200,0.218800,0.204200,0.212400,0.210900,0.205600,0.199600,0.103400,0.200100,0.212800,0.206300,0.233600,0.195900,0.171900,0.207300,0.196200,0.198200,0.215000,0.214400,0.208400,0.206400,0.214600,0.228000,0.200900,0.219900,0.216500,0.188500,0.191500,0.189100,0.217100,0.205700,0.100800,0.208300,0.215300,0.209600,0.231500,0.196000,0.188200,0.223300,0.214700,0.222000,0.218300,0.205600,0.209800,0.215400,0.223000,0.245600,0.205600,0.217700,0.215700,0.213100,0.217500,0.211800,0.207200,0.200300,0.102900,0.202000,0.212100,0.199800
Cycle_47	41351,30.6,0.270000,0.225400,0.193600,0.220900,0.214300,0.217300,0.236300,0.228400,0.231400,0.220500,0.229500,0.245000,0.217000,0.231600,0.231500,0.193500,0.198500,0.199700,0.236500,0.231300,0.107700,0.233500,0.236500,0.235700,0.240500,0.206800,0.193900,0.228100,0.227200,0.234000,0.231600,0.227100,0.226900,0.237000,0.244300,0.265900,0.215100,0.223900,0.231100,0.217000,0.225200,0.225000,0.220900,0.216500,0.107400,0.214200,0.226300,0.220200,0.245200,0.210000,0.183600,0.219400,0.207200,0.209700,0.229200,0.226300,0.221900,0.216400,0.228600,0.241400,0.215800,0.235600,0.230500,0.198100,0.201900,0.200000,0.232700,0.220900,0.105100,0.222600,0.232300,0.221200,0.246900,0.208600,0.201200,0.240200,0.229100,0.235400,0.231600,0.221900,0.225300,0.230400,0.239300,0.261400,0.219000,0.232000,0.233400,0.224800,0.233200,0.226700,0.221400,0.212400,0.106600,0.213700,0.226600,0.213600
Cycle_48	42231,30.7,0.286900,0.239700,0.203600,0.231000,0.224100,0.228100,0.247800,0.239100,0.241900,0.230700,0.239100,0.258700,0.230600,0.243800,0.246500,0.200400,0.206100,0.207400,0.250300,0.244100,0.109200,0.241500,0.250600,0.249400,0.253200,0.217800,0.207600,0.242400,0.240600,0.249700,0.245300,0.237300,0.238700,0.249500,0.258100,0.279300,0.227000,0.235600,0.245500,0.227700,0.239900,0.237800,0.234100,0.226600,0.109200,0.227100,0.241500,0.229400,0.261100,0.224500,0.190700,0.229200,0.218800,0.220700,0.235700,0.236600,0.229500,0.225300,0.237300,0.251500,0.226500,0.247700,0.243800,0.206400,0.210000,0.207700,0.246800,0.233100,0.107700,0.234700,0.246200,0.236500,0.261200,0.223000,0.211900,0.253500,0.241700,0.250000,0.246500,0.234400,0.236000,0.245800,0.255200,0.275500,0.232200,0.247100,0.247900,0.237400,0.246200,0.239000,0.232000,0.224200,0.108600,0.225100,0.240800,0.224700
Cycle_49	43112,30.6,0.305600,0.255900,0.220800,0.244500,0.237300,0.240600,0.260500,0.252200,0.253100,0.240300,0.252600,0.266900,0.247000,0.262500,0.261000,0.211400,0.216600,0.219800,0.267100,0.263500,0.115100,0.258500,0.266300,0.273000,0.271800,0.235300,0.220700,0.257600,0.257100,0.262500,0.262400,0.255500,0.257600,0.270100,0.275300,0.294400,0.241700,0.253200,0.262500,0.245700,0.256200,0.253400,0.250500,0.243500,0.114700,0.242000,0.255800,0.248500,0.278400,0.240500,0.206700,0.240900,0.231500,0.232800,0.250800,0.250000,0.244000,0.235600,0.248900,0.264500,0.239800,0.262400,0.258900,0.217100,0.222600,0.217600,0.263800,0.248100,0.112000,0.253900,0.263700,0.254400,0.273000,0.238700,0.228700,0.271800,0.261700,0.268900,0.261700,0.252200,0.255200,0.261800,0.269400,0.291700,0.250300,0.262000,0.263600,0.256500,0.265800,0.258000,0.250200,0.241400,0.114500,0.243100,0.256200,0.242400
Cycle_50	43992,30.7,0.317900,0.269200,0.231000,0.256500,0.248900,0.251000,0.273000,0.265300,0.267200,0.253900,0.259200,0.276500,0.260200,0.274300,0.277400,0.219300,0.226600,0.228200,0.282600,0.278200,0.117900,0.274600,0.282000,0.283500,0.287000,0.249500,0.233800,0.275100,0.273500,0.280400,0.279600,0.268700,0.271700,0.284000,0.289700,0.310800,0.258500,0.266500,0.276300,0.260800,0.269700,0.269500,0.263000,0.260400,0.118100,0.256400,0.270600,0.259200,0.293700,0.255000,0.216500,0.255700,0.242000,0.245600,0.263700,0.262300,0.254900,0.246000,0.257300,0.272800,0.255400,0.278600,0.273700,0.228600,0.231000,0.227500,0.276900,0.262400,0.114800,0.268200,0.276900,0.268300,0.289600,0.252500,0.237000,0.288200,0.275900,0.281700,0.277300,0.266200,0.268500,0.277700,0.283300,0.302900,0.263800,0.277600,0.278900,0.271200,0.278600,0.272100,0.264000,0.256700,0.116600,0.258000,0.267500,0.253100
Cycle_51	44872,30.7,0.340000,0.289000,0.242300,0.272400,0.264900,0.265200,0.287600,0.279400,0.281000,0.261100,0.271500,0.285600,0.278200,0.292600,0.294600,0.233800,0.240800,0.240500,0.302300,0.295900,0.123400,0.289200,0.298300,0.303100,0.305100,0.266700,0.247700,0.290700,0.288600,0.296600,0.294800,0.286600,0.289400,0.299400,0.306900,0.324800,0.271500,0.284100,0.293500,0.278700,0.286800,0.285900,0.281900,0.275600,0.123100,0.271200,0.286200,0.277400,0.315500,0.271800,0.231700,0.269400,0.256000,0.258700,0.275600,0.274100,0.269700,0.258100,0.270400,0.285500,0.267500,0.294100,0.289300,0.235500,0.242100,0.239200,0.294800,0.280400,0.120800,0.284800,0.294800,0.282400,0.304800,0.267600,0.254200,0.303500,0.293800,0.296900,0.289800,0.280500,0.285100,0.291800,0.299400,0.324800,0.278900,0.295700,0.293300,0.283700,0.296000,0.287200,0.280000,0.271500,0.123000,0.275100,0.288200,0.267100
Cycle_52	45753,30.7,0.356400,0.307400,0.260000,0.287000,0.276800,0.278600,0.299900,0.292000,0.293800,0.273900,0.283700,0.297500,0.293800,0.308300,0.313000,0.242900,0.252000,0.254300,0.317800,0.314000,0.127500,0.305700,0.314400,0.319300,0.324200,0.281600,0.261700,0.309300,0.305100,0.311500,0.312200,0.300300,0.305400,0.316600,0.321700,0.342200,0.287100,0.297900,0.310600,0.290900,0.302800,0.301100,0.298200,0.293100,0.128700,0.286700,0.300500,0.294800,0.331100,0.286600,0.243100,0.281200,0.269400,0.271300,0.289500,0.287900,0.280900,0.268900,0.281200,0.297500,0.284600,0.309300,0.306800,0.247600,0.254700,0.249100,0.312000,0.297700,0.124700,0.301100,0.312700,0.298900,0.323300,0.285600,0.269200,0.322900,0.310900,0.314200,0.307200,0.297500,0.301700,0.309200,0.315200,0.337300,0.295400,0.311600,0.311000,0.302200,0.312000,0.303100,0.295300,0.286400,0.126700,0.288600,0.301500,0.281600
Cycle_53	46633,30.7,0.372000,0.322800,0.275600,0.301100,0.292100,0.295300,0.313300,0.305200,0.308200,0.286100,0.294800,0.310900,0.307800,0.326100,0.328200,0.253300,0.263200,0.264700,0.336900,0.329100,0.135400,0.323700,0.333300,0.332000,0.338000,0.297100,0.271800,0.321300,0.321200,0.329200,0.329400,0.318200,0.322200,0.332100,0.338000,0.359500,0.305400,0.314500,0.326200,0.307200,0.318600,0.316400,0.312700,0.306500,0.133800,0.304100,0.317100,0.306600,0.348400,0.304200,0.257500,0.295800,0.283000,0.284300,0.304500,0.300000,0.293900,0.278900,0.291700,0.306100,0.301400,0.330100,0.325400,0.260100,0.266600,0.262600,0.331400,0.313000,0.129800,0.314300,0.324200,0.313900,0.349400,0.302300,0.286600,0.338100,0.324500,0.328500,0.324600,0.311300,0.317800,0.327000,0.332200,0.354800,0.309900,0.325400,0.327700,0.318100,0.326200,0.318000,0.311300,0.303700,0.132200,0.302500,0.317000,0.296500
Cycle_54	47514,30.7,0.390100,0.338300,0.289500,0.311600,0.303300,0.306600,0.327100,0.319300,0.320300,0.294400,0.306300,0.319700,0.327500,0.342500,0.344300,0.265200,0.271900,0.277100,0.353100,0.346400,0.140100,0.338200,0.351600,0.350300,0.351800,0.313300,0.290100,0.340800,0.338300,0.343700,0.345700,0.331300,0.335400,0.348000,0.353600,0.369800,0.318900,0.327600,0.340000,0.321400,0.333400,0.332600,0.328200,0.321600,0.139600,0.315200,0.330500,0.324800,0.364600,0.321300,0.273500,0.310300,0.295700,0.299100,0.316400,0.312700,0.306400,0.290200,0.303200,0.320100,0.314600,0.346600,0.339800,0.270200,0.277100,0.273400,0.347100,0.327100,0.134600,0.331600,0.343000,0.330900,0.354900,0.316700,0.302400,0.355300,0.343700,0.343800,0.338700,0.326400,0.332200,0.339600,0.344900,0.375200,0.327800,0.341000,0.340300,0.334500,0.344900,0.337100,0.326700,0.318800,0.138300,0.323000,0.336300,0.312800
Cycle_55	48394,30.2,0.408800,0.356300,0.305900,0.326400,0.313800,0.318300,0.338700,0.332500,0.331900,0.303600,0.316700,0.330000,0.339300,0.360500,0.361100,0.277600,0.286500,0.288700,0.371600,0.366000,0.147000,0.356000,0.366100,0.367300,0.369200,0.329000,0.303800,0.355100,0.351700,0.359400,0.361700,0.349200,0.353600,0.365500,0.371700,0.389400,0.332700,0.343400,0.355500,0.338600,0.349000,0.345800,0.342400,0.335600,0.148100,0.334200,0.348100,0.337000,0.380100,0.339000,0.288400,0.321700,0.308600,0.311200,0.329500,0.325100,0.319500,0.299700,0.314000,0.327000,0.332800,0.360900,0.355500,0.281400,0.291100,0.285400,0.365000,0.342800,0.141200,0.350400,0.358600,0.346100,0.369800,0.331800,0.315600,0.371500,0.358200,0.361700,0.356800,0.344100,0.347200,0.356600,0.363200,0.383100,0.344300,0.358200,0.360700,0.349900,0.363600,0.350300,0.343300,0.334300,0.145900,0.334900,0.349500,0.330100
Cycle_56	49266,30.0,0.423100,0.373900,0.323200,0.339800,0.328800,0.331700,0.353800,0.343000,0.344700,0.316300,0.326000,0.340700,0.355800,0.374300,0.380600,0.286300,0.296600,0.301900,0.393400,0.382000,0.154300,0.371700,0.380400,0.381300,0.382600,0.342000,0.322700,0.372000,0.369700,0.375500,0.377900,0.363400,0.369700,0.381400,0.386100,0.406300,0.349600,0.358800,0.371900,0.353400,0.367300,0.363600,0.357800,0.351500,0.154300,0.351700,0.361200,0.352100,0.397100,0.355900,0.303900,0.334100,0.322100,0.321400,0.342400,0.339600,0.331800,0.309900,0.323100,0.336800,0.348500,0.382000,0.374000,0.293200,0.301400,0.297700,0.379900,0.363000,0.145500,0.364100,0.373600,0.363700,0.395200,0.350700,0.329200,0.386000,0.373000,0.376200,0.373600,0.355100,0.363500,0.373200,0.379500,0.399600,0.358600,0.373800,0.373400,0.363200,0.375200,0.366000,0.356500,0.346900,0.151100,0.349100,0.361300,0.341600
Cycle_57	50145,30.0,0.444300,0.392900,0.339500,0.350200,0.340300,0.341300,0.364600,0.355900,0.358100,0.325600,0.336800,0.348600,0.374200,0.394700,0.395700,0.300200,0.309900,0.311800,0.407600,0.401400,0.160200,0.385600,0.397500,0.399600,0.401700,0.358900,0.333200,0.386900,0.387000,0.390500,0.394900,0.378000,0.385300,0.397600,0.402900,0.420100,0.365000,0.372700,0.388600,0.369900,0.381700,0.379800,0.373500,0.368800,0.162100,0.366300,0.379000,0.367100,0.414400,0.372400,0.320100,0.346000,0.334500,0.338400,0.354900,0.351200,0.343300,0.320200,0.331700,0.349700,0.361700,0.394600,0.387800,0.301700,0.313900,0.309300,0.401100,0.378700,0.154200,0.381700,0.391900,0.376700,0.405500,0.365100,0.344700,0.401100,0.391300,0.392600,0.388000,0.374100,0.380000,0.391500,0.393700,0.418900,0.375000,0.390100,0.393300,0.381000,0.392300,0.381500,0.375800,0.364100,0.160300,0.367300,0.382000,0.356400
Cycle_58	51025,30.1,0.459500,0.410800,0.358400,0.365900,0.356700,0.357400,0.379400,0.368400,0.372500,0.333400,0.345900,0.359900,0.387700,0.413300,0.415800,0.314100,0.320500,0.325000,0.428700,0.420100,0.169400,0.405300,0.418300,0.415200,0.419700,0.377100,0.349100,0.404800,0.404600,0.410200,0.412000,0.396900,0.403600,0.416500,0.421600,0.434700,0.382400,0.391700,0.403500,0.388000,0.399800,0.396100,0.390400,0.385700,0.169600,0.381700,0.395200,0.383800,0.434100,0.392500,0.339800,0.362000,0.348700,0.349900,0.370600,0.363200,0.358200,0.328400,0.346000,0.358400,0.380400,0.413300,0.406000,0.315600,0.325900,0.322600,0.419100,0.396500,0.163500,0.397600,0.408500,0.395800,0.423500,0.379400,0.362000,0.421100,0.406400,0.408800,0.404900,0.390100,0.397500,0.406400,0.412800,0.435500,0.392000,0.406000,0.409000,0.397800,0.412500,0.397600,0.392200,0.381600,0.170100,0.385300,0.399700,0.375800
Cycle_59	51897,29.9,0.471100,0.423700,0.370200,0.376300,0.366000,0.370400,0.390600,0.381100,0.384200,0.342400,0.354100,0.369400,0.400900,0.424700,0.426600,0.320800,0.331000,0.335100,0.443900,0.433300,0.177700,0.421200,0.431000,0.425800,0.432700,0.390200,0.362100,0.415800,0.418600,0.424600,0.423900,0.409900,0.417800,0.428900,0.435000,0.453300,0.397100,0.403300,0.417600,0.396100,0.412800,0.409700,0.404900,0.397400,0.178600,0.398300,0.411400,0.396400,0.448300,0.403600,0.350400,0.373100,0.359100,0.357100,0.380600,0.377800,0.367000,0.337100,0.353600,0.366000,0.398900,0.432000,0.423500,0.327400,0.337600,0.331100,0.432700,0.410400,0.168500,0.410700,0.422900,0.404400,0.441600,0.398400,0.374300,0.434300,0.420700,0.423400,0.421600,0.404000,0.411700,0.418000,0.427400,0.447000,0.404500,0.424000,0.420600,0.413300,0.421000,0.411100,0.405800,0.395000,0.174300,0.395000,0.408600,0.384900
Cycle_60	52777,30.0,0.490100,0.442900,0.386200,0.391700,0.380600,0.383300,0.404800,0.392600,0.395100,0.354000,0.363800,0.377300,0.423700,0.442700,0.447500,0.336600,0.347800,0.350800,0.463200,0.454000,0.188200,0.435300,0.447900,0.449200,0.453200,0.411600,0.379700,0.438400,0.436000,0.443100,0.443300,0.425800,0.434600,0.445400,0.451500,0.464300,0.415100,0.424400,0.436100,0.418400,0.431000,0.428300,0.423500,0.416400,0.189500,0.412500,0.427200,0.417100,0.465100,0.423700,0.369700,0.386400,0.372500,0.373300,0.394200,0.389600,0.381700,0.347900,0.363400,0.375100,0.413300,0.448300,0.439800,0.338100,0.350500,0.346000,0.451500,0.428300,0.178700,0.430400,0.439400,0.422500,0.457600,0.416200,0.391500,0.451000,0.438600,0.440800,0.439400,0.421400,0.429600,0.435700,0.442800,0.464200,0.419700,0.437800,0.437900,0.432400,0.441600,0.431600,0.423400,0.413800,0.186300,0.416700,0.429100,0.402300
Cycle_61	53658,29.7,0.503800,0.460500,0.405300,0.401600,0.394600,0.391700,0.417500,0.407100,0.409900,0.363400,0.375400,0.388500,0.435100,0.462600,0.461900,0.346800,0.359000,0.361800,0.479500,0.473100,0.197200,0.453400,0.463700,0.462400,0.468000,0.425700,0.391600,0.453400,0.454300,0.456400,0.461300,0.444100,0.452100,0.463600,0.466100,0.481700,0.430000,0.438500,0.450200,0.433400,0.445800,0.446600,0.438800,0.435800,0.201200,0.430300,0.444900,0.428900,0.481300,0.437300,0.388500,0.399000,0.385900,0.387900,0.408100,0.402500,0.394500,0.357300,0.372200,0.386600,0.429800,0.460100,0.452200,0.348200,0.362000,0.356900,0.469700,0.446700,0.185800,0.446900,0.454000,0.439100,0.477900,0.427700,0.407800,0.470000,0.455900,0.458500,0.452700,0.434900,0.448900,0.455000,0.456900,0.479100,0.439700,0.454900,0.455200,0.448000,0.454800,0.445500,0.439400,0.427300,0.196200,0.432600,0.444700,0.418200
Cycle_62	54538,30.0,0.518600,0.474800,0.418900,0.415300,0.406200,0.406000,0.431300,0.420100,0.421400,0.371400,0.385200,0.397800,0.453900,0.477000,0.477200,0.360100,0.369100,0.375600,0.496900,0.486100,0.206700,0.469300,0.480500,0.474600,0.489300,0.442800,0.408500,0.469300,0.468400,0.473100,0.476800,0.459200,0.469300,0.478000,0.485500,0.493300,0.447000,0.457600,0.466700,0.449200,0.464200,0.462100,0.454700,0.450300,0.211400,0.445900,0.455200,0.446300,0.496900,0.456900,0.400000,0.410500,0.399400,0.398200,0.420700,0.416100,0.408900,0.366600,0.383700,0.395900,0.445800,0.474600,0.469500,0.363100,0.376100,0.371000,0.487100,0.460700,0.195200,0.463700,0.472700,0.455300,0.490200,0.445400,0.423400,0.481900,0.471900,0.474500,0.468900,0.451100,0.463900,0.470500,0.473300,0.491600,0.453600,0.470600,0.472500,0.464400,0.474000,0.464800,0.458200,0.441800,0.210200,0.450000,0.463800,0.433200
Cycle_63	55418,30.0,0.532500,0.490700,0.437200,0.425500,0.419600,0.419100,0.443600,0.432200,0.435200,0.381800,0.393800,0.404400,0.467000,0.491200,0.494600,0.372400,0.383400,0.390300,0.512700,0.502600,0.218200,0.483500,0.493800,0.494400,0.499000,0.458300,0.423000,0.485700,0.485600,0.489900,0.490000,0.474800,0.483000,0.491400,0.497200,0.505500,0.462700,0.471800,0.484000,0.465400,0.479600,0.475600,0.470700,0.466800,0.224500,0.464100,0.474400,0.459900,0.507500,0.471600,0.418000,0.420300,0.412700,0.412000,0.431600,0.429700,0.421200,0.376200,0.394000,0.404100,0.460300,0.491800,0.485400,0.375600,0.386400,0.382700,0.500600,0.474300,0.205500,0.477600,0.487700,0.474300,0.502400,0.461700,0.437100,0.497300,0.488900,0.486400,0.482100,0.465700,0.475700,0.486100,0.484700,0.505700,0.469600,0.486100,0.481300,0.481800,0.488700,0.478100,0.471600,0.460400,0.221900,0.465400,0.477800,0.447800
Cycle_64	56298,29.9,0.544900,0.503900,0.448900,0.439700,0.431600,0.430000,0.457700,0.445400,0.449000,0.393600,0.406700,0.415500,0.480200,0.505500,0.506100,0.385900,0.397000,0.400200,0.523800,0.514100,0.233700,0.496400,0.506200,0.505500,0.514000,0.474600,0.436700,0.498400,0.498200,0.503000,0.504500,0.487300,0.498800,0.507500,0.509900,0.517500,0.476200,0.482300,0.496600,0.481400,0.495300,0.493200,0.486900,0.481900,0.241900,0.480500,0.488500,0.477100,0.520000,0.485800,0.430700,0.435200,0.424200,0.422500,0.445600,0.440400,0.435800,0.387800,0.406100,0.418400,0.474000,0.504900,0.499600,0.384700,0.404600,0.396300,0.513900,0.485000,0.220400,0.493800,0.500700,0.491000,0.517600,0.477700,0.453300,0.511200,0.502700,0.499400,0.495600,0.482700,0.490700,0.499800,0.499200,0.517700,0.483500,0.502100,0.497200,0.496600,0.503000,0.492000,0.486900,0.476200,0.235600,0.481500,0.490100,0.467700
Cycle_65	57179,29.9,0.552400,0.516800,0.464800,0.448600,0.443400,0.439300,0.466200,0.457500,0.460400,0.402100,0.412000,0.425500,0.493600,0.515000,0.515900,0.396400,0.406300,0.412400,0.534400,0.524700,0.246700,0.511200,0.515700,0.518000,0.525300,0.489100,0.449300,0.511900,0.513100,0.511200,0.516300,0.498400,0.511200,0.518100,0.521300,0.529300,0.489700,0.500200,0.505900,0.494800,0.505800,0.503500,0.499900,0.496100,0.255100,0.489100,0.499600,0.491000,0.537100,0.499300,0.445600,0.444700,0.434800,0.432300,0.457800,0.451400,0.446900,0.396900,0.414900,0.425200,0.484600,0.515700,0.509200,0.399200,0.412100,0.408400,0.525100,0.499200,0.231400,0.504500,0.509200,0.498700,0.529000,0.491100,0.461100,0.524900,0.513300,0.514900,0.508200,0.492400,0.503400,0.511000,0.509200,0.528200,0.495100,0.510200,0.513000,0.508000,0.512800,0.503300,0.499700,0.485700,0.249600,0.493200,0.502400,0.479800
Cycle_66	58119,29.9,0.559500,0.525900,0.480600,0.461500,0.452900,0.452700,0.476900,0.465200,0.472200,0.411000,0.423100,0.435900,0.503400,0.524200,0.526400,0.408700,0.419400,0.422700,0.546400,0.535800,0.262900,0.525700,0.528100,0.528700,0.537100,0.501600,0.463800,0.522000,0.523700,0.526800,0.526100,0.511500,0.523800,0.530200,0.530400,0.539000,0.504100,0.511100,0.519000,0.506500,0.516900,0.518900,0.513500,0.509700,0.270000,0.507200,0.513300,0.507000,0.546400,0.512300,0.459600,0.456700,0.445200,0.441300,0.469100,0.464400,0.458900,0.407000,0.422900,0.433900,0.499800,0.531000,0.520800,0.410900,0.426400,0.419500,0.534500,0.512200,0.242400,0.514100,0.518700,0.511100,0.543800,0.504800,0.472300,0.535600,0.525500,0.522700,0.522400,0.500400,0.514700,0.522800,0.522900,0.536700,0.510000,0.524400,0.519900,0.521900,0.523200,0.515400,0.510100,0.501600,0.263300,0.501000,0.513200,0.489100
Cycle_67	58999,30.0,0.566900,0.534800,0.489800,0.467300,0.461200,0.463300,0.489100,0.473100,0.480400,0.419100,0.430000,0.445000,0.512000,0.532900,0.536300,0.416400,0.429000,0.433600,0.554900,0.542900,0.275100,0.534600,0.536400,0.542300,0.545300,0.513500,0.473400,0.530000,0.530800,0.535600,0.536400,0.520900,0.533700,0.540100,0.539300,0.545900,0.514200,0.516900,0.529900,0.519400,0.527800,0.525300,0.523900,0.518500,0.282400,0.518900,0.523600,0.515300,0.550200,0.520700,0.470700,0.463000,0.455500,0.451700,0.479100,0.476300,0.466100,0.410900,0.432400,0.443700,0.510600,0.535000,0.527700,0.420000,0.437000,0.427400,0.541200,0.517700,0.255000,0.522800,0.526900,0.522500,0.551700,0.516200,0.484600,0.544500,0.535700,0.530900,0.530000,0.512200,0.525400,0.531000,0.529900,0.541300,0.518800,0.534200,0.527400,0.534300,0.534100,0.524000,0.519100,0.511500,0.276500,0.512000,0.522100,0.501800
Cycle_68	59880,29.9,0.574900,0.544000,0.498000,0.477400,0.473700,0.469200,0.498900,0.484400,0.494300,0.425100,0.441300,0.450600,0.522400,0.542400,0.542600,0.432500,0.441500,0.446300,0.562500,0.552500,0.287200,0.538700,0.545700,0.547100,0.556700,0.526000,0.484400,0.541000,0.542200,0.543300,0.543900,0.528900,0.540200,0.546500,0.546900,0.552000,0.521900,0.530700,0.539400,0.528100,0.537400,0.536300,0.534900,0.528200,0.298900,0.524400,0.530700,0.525500,0.560800,0.529900,0.483400,0.475100,0.465500,0.462300,0.487800,0.484800,0.479000,0.424400,0.438800,0.451900,0.513400,0.542700,0.540200,0.432900,0.446700,0.437900,0.553800,0.525200,0.274100,0.537200,0.538800,0.534800,0.560800,0.525200,0.496300,0.554300,0.549700,0.544800,0.538900,0.522200,0.535100,0.541700,0.537100,0.552200,0.525100,0.544200,0.536200,0.541600,0.548400,0.534900,0.533700,0.520700,0.293800,0.527600,0.532900,0.519300
Cycle_69	60760,29.7,0.588500,0.551000,0.507000,0.490400,0.481100,0.483200,0.505900,0.494100,0.502100,0.437400,0.449100,0.461100,0.527500,0.548300,0.552900,0.440200,0.454200,0.457200,0.574300,0.557100,0.308900,0.551800,0.552700,0.555800,0.565100,0.533800,0.494200,0.546100,0.552600,0.552100,0.552800,0.538100,0.552000,0.558300,0.554900,0.563600,0.532200,0.538200,0.546600,0.539600,0.548200,0.544600,0.543200,0.537500,0.314400,0.540500,0.543700,0.536600,0.568100,0.537900,0.490600,0.484500,0.478100,0.471200,0.497700,0.498000,0.490600,0.435400,0.450100,0.460000,0.528600,0.553000,0.545000,0.445200,0.456300,0.451100,0.559300,0.533600,0.285200,0.544800,0.547300,0.544700,0.570100,0.536200,0.503200,0.564100,0.557800,0.548800,0.548200,0.528800,0.547600,0.548300,0.548600,0.561100,0.535500,0.551900,0.546800,0.556200,0.551600,0.544100,0.540200,0.528000,0.304800,0.533900,0.541800,0.522900
Exp_StopDate	2018-07-28
Exp_StopTime	10:25:28
