Version	2.0
User_Name	Justin
Reader_Name	T15
Reader_Type	GENios
Serial_Num	12901500213
Plate_Size	96
Exp_Name	20180727_Mia_Tecan_SC-URA_7.2
Comments	

Measurement mode	Absorbance
Measurement wavelength	595	nm
Number of flashes	1
Plate definition file	96-well_NUN96ft.pdf
Number of kinetic cycles	1
Kinetic interval (Minimal)		s
Shake duration (Orbital High)	800	s
Shake duration between cycles (Orbital High)	800	s
Exp_StartDate	2018-07-27
Exp_StartTime	17:33:37
Cycle_Header	Secs,Temp,A1,A2,A3,A4,A5,A6,A7,A8,A9,A10,A11,A12,B1,B2,B3,B4,B5,B6,B7,B8,B9,B10,B11,B12,C1,C2,C3,C4,C5,C6,C7,C8,C9,C10,C11,C12,D1,D2,D3,D4,D5,D6,D7,D8,D9,D10,D11,D12,E1,E2,E3,E4,E5,E6,E7,E8,E9,E10,E11,E12,F1,F2,F3,F4,F5,F6,F7,F8,F9,F10,F11,F12,G1,G2,G3,G4,G5,G6,G7,G8,G9,G10,G11,G12,H1,H2,H3,H4,H5,H6,H7,H8,H9,H10,H11,H12
Cycle_1	874,29.8,0.081000,0.080200,0.078900,0.080200,0.081600,0.079000,0.079500,0.076800,0.077000,0.076200,0.078600,0.078100,0.082900,0.080700,0.078100,0.079200,0.081700,0.077400,0.077500,0.077200,0.076300,0.078400,0.077400,0.081400,0.084400,0.079400,0.078500,0.079700,0.080500,0.081000,0.080500,0.080000,0.076100,0.077500,0.076700,0.078500,0.084800,0.081200,0.080100,0.078200,0.081400,0.078700,0.077600,0.076600,0.075900,0.077200,0.076900,0.079500,0.085800,0.080300,0.078900,0.080400,0.081200,0.081600,0.080700,0.080600,0.076300,0.079900,0.077800,0.079100,0.082700,0.079900,0.077900,0.078200,0.079200,0.077000,0.078300,0.074900,0.076100,0.078600,0.075200,0.080300,0.098100,0.078800,0.078800,0.078400,0.078800,0.077700,0.078800,0.077500,0.074300,0.076700,0.075600,0.078100,0.085600,0.080900,0.081400,0.078900,0.080100,0.076800,0.077800,0.076300,0.075900,0.080100,0.078200,0.080300
Cycle_2	1756,29.9,0.081700,0.079800,0.077700,0.079800,0.082000,0.080300,0.079700,0.076900,0.076900,0.077100,0.079100,0.079000,0.085100,0.081400,0.078800,0.079900,0.081200,0.077500,0.077600,0.077600,0.076300,0.079100,0.077300,0.087100,0.089600,0.079700,0.079100,0.080500,0.080400,0.081500,0.080900,0.079900,0.075900,0.078200,0.077400,0.078300,0.086100,0.082800,0.081300,0.079300,0.080500,0.079400,0.078400,0.076000,0.076200,0.078800,0.076500,0.083700,0.106200,0.080400,0.078800,0.081700,0.081600,0.081900,0.081500,0.081100,0.076900,0.080200,0.078300,0.080500,0.085800,0.079700,0.077600,0.078700,0.079700,0.077900,0.077600,0.074000,0.075500,0.078100,0.075800,0.080700,0.158900,0.079200,0.079600,0.079700,0.079500,0.078700,0.079600,0.077600,0.074400,0.077100,0.075900,0.078300,0.104000,0.081800,0.081000,0.080700,0.079800,0.077900,0.078000,0.077200,0.075900,0.080200,0.078500,0.081500
Cycle_3	2636,29.9,0.086000,0.079900,0.077500,0.079400,0.080900,0.079800,0.079700,0.076900,0.077000,0.075700,0.077700,0.077500,0.084400,0.080800,0.078400,0.079100,0.080100,0.077400,0.077800,0.077300,0.075600,0.076300,0.075500,0.079800,0.104400,0.080100,0.078100,0.079500,0.080800,0.080200,0.079400,0.079600,0.075000,0.077900,0.077100,0.077800,0.087000,0.083000,0.079600,0.077900,0.079100,0.078700,0.077000,0.076600,0.075400,0.077900,0.075600,0.081400,0.173900,0.081300,0.079100,0.080600,0.081800,0.080000,0.081400,0.080900,0.076300,0.080100,0.078100,0.079300,0.101300,0.080800,0.077600,0.078400,0.079500,0.076400,0.076000,0.074200,0.075600,0.078000,0.074600,0.079200,0.226600,0.080100,0.078200,0.078600,0.078600,0.078300,0.079200,0.076400,0.075100,0.075800,0.075200,0.077200,0.140600,0.083000,0.081100,0.079500,0.079300,0.077400,0.077400,0.076200,0.075200,0.078000,0.078100,0.079800
Cycle_4	3516,30.1,0.085400,0.080400,0.078400,0.079900,0.080600,0.080800,0.080400,0.077600,0.076800,0.077000,0.078900,0.078700,0.084600,0.081900,0.079900,0.079900,0.081100,0.077800,0.078000,0.077200,0.076100,0.077600,0.075900,0.079700,0.101400,0.080600,0.079000,0.080800,0.081000,0.081500,0.081300,0.079900,0.075400,0.078900,0.076900,0.077900,0.088800,0.082900,0.081600,0.078700,0.080500,0.079200,0.077100,0.076500,0.076600,0.078300,0.076200,0.082500,0.224500,0.081900,0.079600,0.081600,0.082000,0.081900,0.081800,0.081000,0.077100,0.080600,0.078500,0.080100,0.119900,0.081500,0.078100,0.079300,0.078000,0.076700,0.077500,0.074900,0.075700,0.077300,0.075500,0.078900,0.311200,0.084300,0.078500,0.079500,0.079300,0.079000,0.079300,0.077800,0.074700,0.076200,0.075300,0.079100,0.167100,0.086500,0.081500,0.079500,0.080900,0.077400,0.078100,0.076900,0.075600,0.079000,0.079000,0.079600
Cycle_5	4397,30.0,0.084000,0.080600,0.077700,0.079900,0.080900,0.080100,0.080200,0.076900,0.077500,0.076300,0.078000,0.078400,0.084600,0.080700,0.078700,0.079800,0.080200,0.077900,0.077600,0.077200,0.077600,0.077800,0.075700,0.077700,0.103400,0.080700,0.078300,0.079900,0.080700,0.080900,0.080000,0.078100,0.075000,0.078300,0.077400,0.078300,0.088100,0.082200,0.081000,0.079000,0.080000,0.078600,0.076900,0.076100,0.076100,0.078000,0.075900,0.080000,0.257400,0.080700,0.079100,0.080500,0.080900,0.081700,0.081200,0.080100,0.077000,0.080200,0.078700,0.080400,0.115600,0.080600,0.077800,0.079400,0.078700,0.076500,0.077100,0.074800,0.075200,0.077200,0.074600,0.078100,0.383000,0.082100,0.077600,0.078500,0.079800,0.078200,0.079300,0.076800,0.073700,0.076500,0.075100,0.078300,0.179200,0.086800,0.080800,0.080000,0.080300,0.077200,0.077300,0.076300,0.075300,0.077900,0.078900,0.078400
Cycle_6	5277,29.9,0.084300,0.080800,0.077600,0.078700,0.080700,0.080400,0.080100,0.076800,0.076800,0.076100,0.077200,0.078600,0.085000,0.080400,0.078600,0.078500,0.079800,0.077400,0.077300,0.077500,0.075000,0.076800,0.075400,0.077200,0.101200,0.080400,0.077700,0.079300,0.079900,0.080500,0.080500,0.078900,0.074300,0.077900,0.076900,0.078100,0.088000,0.082000,0.080700,0.077100,0.078700,0.077900,0.076600,0.075200,0.074600,0.077400,0.076000,0.080900,0.277700,0.080900,0.079000,0.080600,0.081100,0.080800,0.080100,0.080200,0.075600,0.080100,0.078400,0.080600,0.123900,0.081600,0.077900,0.078800,0.078500,0.075000,0.075700,0.074100,0.075200,0.076400,0.074700,0.076700,0.404200,0.082900,0.077900,0.078300,0.079100,0.077800,0.079000,0.077000,0.073700,0.075700,0.075300,0.077400,0.189700,0.086600,0.080800,0.079500,0.079000,0.076500,0.076600,0.075900,0.073900,0.077900,0.077600,0.079700
Cycle_7	6157,29.9,0.084900,0.081200,0.078600,0.080500,0.081500,0.081100,0.080500,0.076400,0.076500,0.076600,0.079100,0.078600,0.085200,0.081400,0.079500,0.078400,0.080100,0.077900,0.077500,0.078400,0.076300,0.077900,0.076700,0.078800,0.100100,0.080600,0.078700,0.080500,0.080000,0.082200,0.081200,0.079300,0.075400,0.078100,0.077700,0.078000,0.088100,0.083200,0.082700,0.078500,0.080700,0.078200,0.077400,0.075600,0.075300,0.077400,0.075900,0.084400,0.289700,0.081800,0.080000,0.081600,0.082000,0.081800,0.082600,0.080300,0.077100,0.080700,0.079100,0.081100,0.129400,0.081100,0.077800,0.079500,0.078800,0.076500,0.076200,0.075000,0.074900,0.076900,0.075700,0.076900,0.414500,0.085000,0.078900,0.079400,0.080000,0.078800,0.079600,0.076400,0.074300,0.077200,0.076100,0.077900,0.201800,0.089500,0.081500,0.079500,0.079600,0.077500,0.076300,0.075200,0.074900,0.078400,0.078700,0.081000
Cycle_8	7038,30.1,0.085300,0.081300,0.078200,0.079300,0.080400,0.080800,0.080500,0.076600,0.075800,0.075900,0.077500,0.078300,0.085300,0.081900,0.079000,0.079000,0.079900,0.076900,0.077500,0.077300,0.075900,0.078000,0.076100,0.078200,0.104900,0.080400,0.080500,0.080300,0.080700,0.081500,0.080700,0.079700,0.074800,0.077100,0.076600,0.077900,0.089000,0.082400,0.081200,0.077900,0.079500,0.077800,0.076300,0.075400,0.075100,0.076700,0.075800,0.082000,0.291800,0.081100,0.079500,0.081300,0.081200,0.082000,0.082100,0.079200,0.076400,0.080300,0.078700,0.081300,0.122500,0.080800,0.078000,0.079400,0.078200,0.076200,0.076400,0.074000,0.075700,0.077200,0.075300,0.076500,0.415800,0.083000,0.079100,0.078900,0.078500,0.078900,0.079900,0.077200,0.073500,0.076300,0.076000,0.077300,0.193600,0.086300,0.080800,0.079400,0.081100,0.076900,0.076800,0.073800,0.074500,0.077900,0.077800,0.079300
Cycle_9	7918,29.9,0.087800,0.081000,0.078300,0.079700,0.081200,0.081400,0.081400,0.076300,0.075800,0.076100,0.077300,0.077400,0.086100,0.081800,0.079400,0.079600,0.079400,0.077200,0.076600,0.077400,0.075900,0.077200,0.076000,0.076800,0.109000,0.081100,0.079100,0.079900,0.081100,0.081400,0.081500,0.079600,0.074500,0.077500,0.076900,0.076800,0.090800,0.082800,0.082500,0.078900,0.079200,0.077500,0.077100,0.074600,0.075100,0.077100,0.075200,0.081200,0.318100,0.081400,0.079400,0.081700,0.081600,0.082500,0.081700,0.080800,0.076000,0.080400,0.077800,0.080900,0.138000,0.083500,0.078200,0.078700,0.079300,0.075900,0.075700,0.074300,0.074800,0.075600,0.075200,0.075700,0.443200,0.086400,0.079500,0.079300,0.079900,0.079200,0.079700,0.077300,0.073400,0.076300,0.075400,0.077500,0.211200,0.093000,0.081000,0.079900,0.078800,0.076700,0.077200,0.075700,0.075100,0.078400,0.078400,0.077500
Cycle_10	8798,30.1,0.088000,0.081100,0.077700,0.079400,0.079500,0.081800,0.080700,0.076400,0.075200,0.075300,0.076400,0.076600,0.085100,0.081900,0.078900,0.078200,0.079500,0.076300,0.076200,0.075100,0.074300,0.076100,0.075000,0.076500,0.111900,0.080100,0.079000,0.080000,0.080800,0.081000,0.081200,0.078300,0.073300,0.075900,0.075800,0.076300,0.091400,0.083000,0.080600,0.078200,0.079800,0.077700,0.075700,0.073700,0.074400,0.076500,0.074300,0.082200,0.314800,0.080900,0.079200,0.081700,0.081800,0.082200,0.081500,0.078200,0.075900,0.079500,0.077800,0.080900,0.141600,0.082700,0.077200,0.078000,0.076500,0.075500,0.075900,0.073500,0.074100,0.075900,0.074300,0.074700,0.445800,0.086300,0.078800,0.078200,0.079800,0.078800,0.079500,0.076400,0.073000,0.075300,0.075000,0.076400,0.207100,0.089500,0.080600,0.078500,0.079700,0.076500,0.076300,0.073200,0.072600,0.077000,0.077000,0.077600
Cycle_11	9678,30.1,0.092000,0.081600,0.078200,0.080500,0.082700,0.081700,0.080800,0.076600,0.075500,0.076400,0.077500,0.077500,0.086800,0.082900,0.079200,0.078900,0.080200,0.076100,0.076300,0.076400,0.075600,0.076300,0.075400,0.076500,0.120000,0.081200,0.079200,0.080200,0.082400,0.081700,0.081500,0.080400,0.074600,0.076900,0.075800,0.077700,0.093400,0.083000,0.082400,0.078700,0.079400,0.077000,0.076300,0.073900,0.074400,0.076700,0.075500,0.078100,0.331300,0.082200,0.080200,0.082100,0.082300,0.083200,0.082500,0.080200,0.075200,0.079400,0.078200,0.081100,0.148100,0.083700,0.077400,0.079000,0.078500,0.076200,0.075500,0.073100,0.074700,0.076200,0.074000,0.074900,0.450100,0.087700,0.079600,0.079900,0.080400,0.078700,0.080000,0.076800,0.072800,0.076100,0.074000,0.077300,0.209500,0.090700,0.080900,0.079900,0.079800,0.075600,0.076000,0.074900,0.073600,0.077400,0.077200,0.078000
Cycle_12	10559,30.2,0.090400,0.082100,0.078600,0.081100,0.082500,0.082100,0.082100,0.077400,0.075300,0.076100,0.076600,0.076800,0.086800,0.082700,0.079300,0.079100,0.080300,0.076500,0.075700,0.076100,0.074500,0.076800,0.074900,0.076200,0.114300,0.082300,0.077900,0.081200,0.082100,0.081500,0.081700,0.079700,0.073300,0.077000,0.074500,0.076800,0.092800,0.083500,0.083200,0.079200,0.079900,0.077700,0.075600,0.074100,0.074100,0.075200,0.074500,0.079500,0.339900,0.082700,0.080200,0.083000,0.082600,0.084300,0.083400,0.080000,0.075400,0.080600,0.079000,0.079800,0.143600,0.083500,0.078200,0.078300,0.077600,0.076200,0.075100,0.073100,0.073900,0.076100,0.073900,0.077500,0.453400,0.086200,0.079300,0.079500,0.080800,0.078500,0.080900,0.077800,0.073300,0.076100,0.074800,0.077000,0.208900,0.092300,0.081600,0.079700,0.080200,0.076900,0.075600,0.074500,0.073900,0.077000,0.076900,0.079100
Cycle_13	11439,30.0,0.091900,0.082200,0.079100,0.081000,0.082300,0.082500,0.083200,0.076700,0.075100,0.075800,0.076500,0.076800,0.087600,0.083600,0.079100,0.079100,0.078800,0.076600,0.075900,0.075400,0.074300,0.076700,0.075100,0.075300,0.112800,0.081600,0.078900,0.081300,0.082100,0.082700,0.082400,0.079900,0.073700,0.076900,0.075800,0.075800,0.094000,0.084100,0.083200,0.078700,0.079800,0.077200,0.075700,0.073700,0.074000,0.076000,0.074300,0.079700,0.334900,0.083000,0.079200,0.082800,0.083100,0.085200,0.083800,0.080900,0.075300,0.080300,0.077200,0.079600,0.145000,0.084300,0.078600,0.078600,0.079200,0.075400,0.075500,0.073000,0.073700,0.074600,0.073300,0.074800,0.467200,0.088700,0.079300,0.080800,0.081500,0.079700,0.081000,0.077000,0.072800,0.075300,0.074500,0.076800,0.209800,0.094000,0.081000,0.079400,0.079900,0.075500,0.075800,0.074900,0.073600,0.077400,0.077400,0.077300
Cycle_14	12319,30.0,0.094500,0.082900,0.079200,0.082400,0.083500,0.083500,0.084100,0.077400,0.075700,0.076500,0.076800,0.076600,0.089600,0.084700,0.080100,0.080100,0.080100,0.077100,0.076200,0.076100,0.075300,0.076000,0.075500,0.076400,0.119500,0.083700,0.080300,0.082700,0.083200,0.084100,0.083800,0.080000,0.074100,0.076600,0.075800,0.076500,0.097400,0.084900,0.084300,0.079600,0.080300,0.077600,0.076200,0.074100,0.074500,0.076100,0.074900,0.079100,0.344100,0.083900,0.080200,0.083700,0.084300,0.085000,0.085400,0.081800,0.075700,0.080900,0.077800,0.079900,0.148700,0.086500,0.079500,0.079500,0.079100,0.076100,0.075400,0.074100,0.074900,0.075200,0.074400,0.075700,0.476300,0.091500,0.080800,0.081400,0.082400,0.081700,0.082300,0.077200,0.073000,0.076100,0.075200,0.077900,0.216300,0.096200,0.082500,0.080200,0.079500,0.077100,0.075900,0.074700,0.074700,0.076800,0.078000,0.076400
Cycle_15	13200,30.0,0.101200,0.084400,0.079800,0.082600,0.084600,0.084500,0.085100,0.077900,0.075200,0.075900,0.076800,0.077300,0.091500,0.084900,0.080500,0.080100,0.079700,0.076100,0.074800,0.075800,0.074800,0.076400,0.075400,0.076000,0.121300,0.083400,0.079600,0.083600,0.084800,0.084100,0.084200,0.080300,0.074100,0.076900,0.075400,0.077200,0.097900,0.085800,0.085000,0.079800,0.079900,0.077100,0.075800,0.075000,0.074400,0.075800,0.074300,0.081100,0.341800,0.085300,0.081400,0.085300,0.084500,0.086800,0.086400,0.081500,0.074700,0.080700,0.078400,0.080400,0.148700,0.087100,0.079200,0.080100,0.080000,0.075900,0.075400,0.073100,0.075400,0.076000,0.074200,0.074900,0.474400,0.091600,0.081500,0.082400,0.082900,0.081400,0.082900,0.078500,0.073500,0.076200,0.073900,0.076600,0.215200,0.097700,0.082400,0.080600,0.080600,0.076100,0.075200,0.073500,0.073600,0.076000,0.077100,0.076700
Cycle_16	14080,29.9,0.096500,0.084000,0.079000,0.083600,0.084800,0.085400,0.085300,0.078100,0.074800,0.075500,0.075500,0.076500,0.090700,0.085700,0.080400,0.080700,0.080900,0.076600,0.075300,0.075200,0.074200,0.074500,0.075000,0.075400,0.120200,0.083700,0.080500,0.083800,0.084900,0.084700,0.083700,0.080400,0.073100,0.077100,0.075300,0.076600,0.097500,0.086200,0.085200,0.079100,0.079100,0.077500,0.075700,0.074000,0.074000,0.075300,0.074300,0.079700,0.340900,0.084600,0.081400,0.085800,0.085400,0.086900,0.086800,0.082200,0.074600,0.079600,0.077900,0.080400,0.149600,0.086900,0.080000,0.080900,0.079400,0.075000,0.073600,0.072800,0.073000,0.075200,0.073500,0.074700,0.478100,0.092800,0.081400,0.082800,0.083800,0.082600,0.084200,0.078500,0.073000,0.075600,0.074200,0.076500,0.218900,0.098400,0.083200,0.080900,0.079800,0.076100,0.075200,0.073200,0.073500,0.076100,0.076500,0.075500
Cycle_17	14960,30.0,0.099000,0.086100,0.081300,0.084400,0.085700,0.086900,0.087400,0.079200,0.074700,0.075400,0.076900,0.077300,0.091900,0.088100,0.080900,0.081400,0.081600,0.077500,0.075800,0.075400,0.074700,0.076200,0.075600,0.076200,0.122700,0.085200,0.082600,0.086100,0.086900,0.086300,0.085700,0.081600,0.074000,0.077700,0.074900,0.077000,0.100200,0.088700,0.086400,0.081300,0.080700,0.077200,0.076100,0.073900,0.074600,0.075900,0.073700,0.079500,0.331800,0.087200,0.083000,0.086400,0.085700,0.089500,0.088600,0.083300,0.075100,0.081100,0.078500,0.080700,0.151700,0.089700,0.081100,0.080900,0.080300,0.076400,0.074900,0.073000,0.073900,0.075300,0.073400,0.075300,0.486000,0.094200,0.083000,0.083000,0.085000,0.083500,0.084900,0.079400,0.073000,0.074800,0.074600,0.076100,0.219000,0.100700,0.082700,0.081700,0.080700,0.077500,0.076100,0.074100,0.073500,0.076400,0.076700,0.076400
Cycle_18	15841,29.9,0.111800,0.086500,0.081200,0.085500,0.086300,0.087400,0.088300,0.079800,0.073900,0.076300,0.076200,0.076600,0.095800,0.089300,0.081800,0.080600,0.080900,0.076700,0.075400,0.075600,0.074500,0.076100,0.074600,0.074900,0.139800,0.085900,0.082100,0.085900,0.087000,0.087300,0.089100,0.082300,0.072900,0.077400,0.075200,0.075900,0.105800,0.090100,0.085900,0.081100,0.080900,0.077200,0.074600,0.073100,0.073600,0.075300,0.074300,0.078700,0.351100,0.088000,0.082600,0.086100,0.087300,0.090000,0.090300,0.083100,0.074400,0.081100,0.077500,0.079600,0.164900,0.091700,0.080600,0.080700,0.080400,0.075900,0.075000,0.072300,0.072300,0.074600,0.073800,0.073500,0.495800,0.100000,0.083300,0.084400,0.086600,0.084700,0.086200,0.078100,0.072300,0.075900,0.073900,0.074700,0.236400,0.106800,0.084400,0.080900,0.081300,0.076500,0.075100,0.073700,0.073000,0.075600,0.076400,0.075900
Cycle_19	16721,29.9,0.108000,0.088800,0.082900,0.087200,0.089000,0.090200,0.091800,0.080800,0.075200,0.076500,0.076700,0.077300,0.094900,0.091600,0.082500,0.082200,0.081000,0.077300,0.075800,0.076300,0.074600,0.077100,0.075400,0.076800,0.125300,0.088200,0.084200,0.089100,0.091600,0.092300,0.089300,0.083600,0.073700,0.077600,0.075600,0.076500,0.103300,0.091000,0.088400,0.082400,0.082200,0.077600,0.075800,0.074500,0.074600,0.076400,0.074500,0.078300,0.339900,0.089100,0.084000,0.088500,0.090200,0.093300,0.093900,0.085400,0.075200,0.081200,0.078200,0.080800,0.155000,0.092800,0.082800,0.081900,0.081400,0.075900,0.075300,0.073100,0.074200,0.075300,0.073900,0.074800,0.495500,0.099200,0.085200,0.087300,0.090400,0.089600,0.088600,0.080900,0.073100,0.076600,0.075200,0.076700,0.234100,0.106100,0.086500,0.083200,0.081700,0.077400,0.075400,0.074500,0.074400,0.076600,0.076400,0.076800
Cycle_20	17601,30.0,0.109500,0.091500,0.084200,0.090600,0.091900,0.093300,0.092700,0.083000,0.076500,0.077100,0.077600,0.077500,0.098000,0.093300,0.084300,0.083600,0.083300,0.078400,0.077100,0.076900,0.075700,0.077700,0.077300,0.076600,0.122000,0.090800,0.085600,0.091600,0.095000,0.092500,0.093400,0.085900,0.075300,0.078800,0.076100,0.077700,0.105500,0.093500,0.091000,0.084100,0.083400,0.078600,0.077100,0.076000,0.075400,0.076600,0.075800,0.079100,0.340100,0.091400,0.086800,0.091100,0.094800,0.097000,0.096000,0.086500,0.075800,0.082500,0.080000,0.081700,0.152800,0.094800,0.084400,0.084100,0.082600,0.077100,0.076200,0.073400,0.075200,0.077000,0.075200,0.076700,0.486500,0.098800,0.088400,0.089300,0.091000,0.089700,0.092600,0.081800,0.074500,0.077200,0.075200,0.077500,0.225600,0.106400,0.086700,0.084900,0.083300,0.078100,0.076400,0.075100,0.074700,0.078800,0.078800,0.078400
Cycle_21	18482,29.9,0.111000,0.091600,0.084800,0.096000,0.093700,0.094800,0.094900,0.083000,0.075800,0.077000,0.076100,0.076900,0.098900,0.092800,0.084200,0.084800,0.083500,0.077500,0.076100,0.076100,0.075000,0.076400,0.076100,0.076300,0.126900,0.092700,0.085100,0.092800,0.095600,0.094000,0.094700,0.086100,0.074600,0.078400,0.074400,0.076200,0.107100,0.092500,0.092700,0.083900,0.083900,0.078300,0.076300,0.074400,0.073800,0.075400,0.074700,0.079800,0.328800,0.092900,0.087900,0.096100,0.098400,0.097800,0.098400,0.086600,0.074400,0.081600,0.078200,0.081700,0.155400,0.095500,0.083400,0.084300,0.082800,0.077000,0.075500,0.073700,0.074800,0.075900,0.074400,0.075100,0.479400,0.100700,0.087000,0.090800,0.092500,0.089900,0.092900,0.082800,0.073400,0.076700,0.075400,0.077000,0.223800,0.105900,0.087300,0.085100,0.083700,0.077900,0.075500,0.074500,0.073700,0.077700,0.077500,0.076700
Cycle_22	19362,30.0,0.113700,0.094000,0.086200,0.095800,0.095800,0.096100,0.097600,0.084000,0.075500,0.078500,0.077400,0.077500,0.100300,0.095000,0.085000,0.084300,0.084200,0.077600,0.076800,0.075400,0.074700,0.076800,0.076600,0.075900,0.121700,0.092000,0.087200,0.094000,0.097500,0.095400,0.095900,0.088400,0.073700,0.078600,0.075800,0.077200,0.106600,0.093800,0.095800,0.087000,0.085200,0.078600,0.075900,0.075400,0.073900,0.076500,0.075100,0.080000,0.324100,0.095200,0.090600,0.095600,0.095900,0.099300,0.098700,0.088500,0.075700,0.082300,0.079500,0.081400,0.149400,0.096600,0.086200,0.084900,0.083700,0.077300,0.075600,0.073600,0.074200,0.075200,0.075500,0.075400,0.474000,0.099300,0.087700,0.091700,0.094600,0.091700,0.094800,0.085800,0.072900,0.078300,0.075300,0.077300,0.213700,0.105800,0.088600,0.085700,0.084900,0.077500,0.075800,0.075400,0.074600,0.077100,0.077500,0.076600
Cycle_23	20242,30.0,0.117500,0.094500,0.086600,0.094900,0.096100,0.098300,0.099800,0.085500,0.075300,0.078200,0.076500,0.076800,0.101400,0.094500,0.086600,0.085700,0.084400,0.078700,0.076700,0.076100,0.074400,0.076700,0.076100,0.075300,0.119700,0.093800,0.089000,0.095000,0.096700,0.096600,0.097900,0.087600,0.074200,0.078600,0.075800,0.076700,0.109100,0.095800,0.094500,0.087400,0.084500,0.078800,0.076300,0.074300,0.074400,0.076400,0.074500,0.079600,0.295700,0.096900,0.089300,0.096300,0.097800,0.099900,0.101100,0.090200,0.075600,0.082900,0.078800,0.081200,0.151200,0.098200,0.087700,0.086200,0.084200,0.076800,0.074800,0.073600,0.074300,0.076200,0.074400,0.075600,0.469000,0.102700,0.088500,0.093000,0.097000,0.095200,0.096200,0.084300,0.072900,0.077500,0.074700,0.077300,0.212300,0.108300,0.089700,0.086700,0.086600,0.078400,0.075700,0.074100,0.073500,0.076400,0.076800,0.077500
Cycle_24	21123,30.2,0.121900,0.096300,0.088800,0.097900,0.098600,0.101500,0.100000,0.086100,0.075400,0.077800,0.076800,0.077200,0.103200,0.097000,0.089300,0.086300,0.086300,0.078500,0.075400,0.075900,0.074900,0.077000,0.075700,0.075100,0.126500,0.096200,0.091900,0.097100,0.099000,0.099100,0.099100,0.090200,0.074300,0.078000,0.075300,0.076800,0.111200,0.096900,0.095500,0.088200,0.086300,0.079200,0.076100,0.074700,0.074000,0.076000,0.074800,0.078000,0.300900,0.098600,0.090900,0.098300,0.101500,0.103700,0.102100,0.091100,0.075200,0.083100,0.078800,0.080100,0.153500,0.098900,0.089300,0.090200,0.083200,0.077700,0.075200,0.073700,0.073900,0.076200,0.073900,0.074600,0.464300,0.103200,0.099700,0.094500,0.097900,0.096200,0.097800,0.086400,0.073300,0.077600,0.074700,0.076700,0.213400,0.107900,0.089300,0.089000,0.086000,0.078000,0.076000,0.073500,0.073700,0.076500,0.077100,0.076900
Cycle_25	22003,29.9,0.124900,0.098300,0.089900,0.100100,0.102000,0.103700,0.103600,0.089400,0.074900,0.078400,0.075800,0.077300,0.104400,0.099100,0.090800,0.087700,0.087200,0.079900,0.076400,0.076300,0.074400,0.076300,0.077000,0.075900,0.124900,0.098600,0.100300,0.098900,0.100400,0.102200,0.100600,0.091500,0.073900,0.079200,0.076700,0.076600,0.113000,0.099700,0.096600,0.089300,0.088900,0.079600,0.076500,0.074400,0.074700,0.076600,0.075200,0.079400,0.283400,0.100100,0.092400,0.100400,0.103400,0.105200,0.105600,0.092900,0.075800,0.084100,0.079100,0.082000,0.151100,0.101100,0.091400,0.088900,0.090100,0.078300,0.075100,0.073600,0.074600,0.076200,0.075200,0.074800,0.461900,0.105800,0.094300,0.096600,0.101200,0.098600,0.100400,0.089100,0.073600,0.078300,0.074200,0.077000,0.209700,0.110400,0.091500,0.090000,0.088200,0.078900,0.076200,0.074500,0.075000,0.076600,0.077200,0.077300
Cycle_26	22875,30.2,0.130500,0.100500,0.091800,0.102800,0.104000,0.105500,0.106400,0.090000,0.075500,0.079400,0.076600,0.077200,0.107100,0.100800,0.090200,0.091500,0.087200,0.079800,0.076300,0.075800,0.074500,0.076700,0.075000,0.075500,0.131100,0.100100,0.107300,0.100500,0.102200,0.104200,0.103600,0.094300,0.073800,0.079700,0.075600,0.076400,0.114800,0.101800,0.097900,0.090300,0.090700,0.080000,0.076500,0.073400,0.074000,0.075800,0.074000,0.077900,0.284800,0.101200,0.092400,0.101800,0.106200,0.106900,0.109200,0.094700,0.074900,0.083700,0.078300,0.081400,0.148100,0.102000,0.090800,0.091300,0.085600,0.078000,0.075000,0.073500,0.073900,0.075400,0.074300,0.074800,0.470400,0.106800,0.099800,0.098100,0.102200,0.099900,0.102700,0.088700,0.073000,0.078300,0.074300,0.076900,0.203400,0.110900,0.092900,0.090700,0.088200,0.079700,0.075800,0.074900,0.074100,0.076300,0.076300,0.075900
Cycle_27	23756,29.9,0.134900,0.104300,0.102800,0.106700,0.106800,0.106500,0.109900,0.092900,0.075500,0.079500,0.076700,0.077800,0.110900,0.103300,0.091600,0.093100,0.091900,0.080400,0.076500,0.076100,0.075200,0.077000,0.075900,0.076000,0.132900,0.103400,0.109500,0.101500,0.106200,0.105500,0.106700,0.096300,0.074000,0.080000,0.076200,0.077100,0.118500,0.103800,0.100200,0.092600,0.094900,0.080800,0.076600,0.075200,0.074100,0.076200,0.074500,0.079300,0.281600,0.105000,0.094900,0.104300,0.108600,0.110800,0.111900,0.096600,0.075900,0.083900,0.079200,0.082100,0.153600,0.105700,0.094000,0.093300,0.106900,0.079200,0.075300,0.074000,0.074300,0.075400,0.074700,0.075600,0.466900,0.111500,0.106100,0.101500,0.105700,0.103600,0.104400,0.092800,0.074000,0.079300,0.074000,0.077600,0.210100,0.116900,0.094200,0.092500,0.093100,0.079500,0.076300,0.074900,0.074100,0.076600,0.078100,0.077300
Cycle_28	24634,30.0,0.135000,0.105400,0.096100,0.105900,0.107400,0.109400,0.112700,0.093700,0.075300,0.079500,0.076300,0.076700,0.111000,0.104900,0.093500,0.095000,0.090400,0.079800,0.075900,0.075000,0.074100,0.076300,0.075000,0.075300,0.132700,0.104600,0.114400,0.104300,0.107800,0.109300,0.108300,0.097600,0.073600,0.080800,0.075100,0.076100,0.118600,0.105700,0.101500,0.091500,0.091800,0.080000,0.076000,0.073600,0.075000,0.076300,0.074300,0.078300,0.276300,0.105900,0.096800,0.104800,0.108500,0.112300,0.113600,0.098000,0.075100,0.084700,0.078500,0.081600,0.155200,0.108500,0.094900,0.093300,0.094000,0.078400,0.075100,0.073700,0.074200,0.075600,0.075100,0.074400,0.478600,0.112300,0.107100,0.103100,0.108200,0.104800,0.107100,0.093200,0.073000,0.079400,0.073800,0.077000,0.208800,0.117600,0.095700,0.093900,0.092600,0.079600,0.076200,0.074300,0.074100,0.076000,0.076700,0.076000
Cycle_29	25514,29.9,0.140200,0.107300,0.102500,0.107500,0.109600,0.110500,0.115600,0.095100,0.074200,0.079500,0.075300,0.076100,0.114400,0.107000,0.094900,0.095900,0.096500,0.079600,0.075500,0.074500,0.074400,0.075500,0.075600,0.075100,0.137400,0.106400,0.116400,0.106500,0.110200,0.111400,0.111700,0.098000,0.073100,0.081000,0.074300,0.075400,0.121000,0.107100,0.102200,0.093300,0.094000,0.081100,0.075400,0.072100,0.073300,0.074900,0.073200,0.077000,0.285400,0.108000,0.097300,0.107400,0.111900,0.114400,0.117800,0.099400,0.073800,0.084900,0.077300,0.080300,0.160200,0.109900,0.096900,0.095200,0.090100,0.078300,0.074300,0.073300,0.073500,0.074200,0.074600,0.073700,0.476200,0.116500,0.112200,0.103500,0.109300,0.106900,0.108600,0.094700,0.071700,0.079100,0.074100,0.075100,0.217000,0.121500,0.097800,0.095400,0.094100,0.079500,0.075200,0.072600,0.073700,0.076100,0.075500,0.076200
Cycle_30	26387,30.2,0.138200,0.110800,0.101800,0.111300,0.112300,0.113400,0.118100,0.098900,0.075100,0.080300,0.076400,0.076700,0.116800,0.108900,0.097400,0.098300,0.096500,0.081000,0.075700,0.075900,0.074900,0.076800,0.076100,0.074700,0.137900,0.109700,0.120200,0.109200,0.111800,0.113700,0.114200,0.101000,0.074100,0.082200,0.075400,0.076200,0.122900,0.109400,0.106100,0.096000,0.098000,0.082200,0.076300,0.073600,0.073600,0.075900,0.074100,0.077700,0.276600,0.110700,0.103400,0.110000,0.114800,0.117500,0.121800,0.103100,0.075100,0.086000,0.078100,0.081300,0.156400,0.111600,0.098200,0.095000,0.091600,0.079500,0.075000,0.073600,0.074000,0.074700,0.075000,0.075000,0.471700,0.115200,0.112800,0.107400,0.112600,0.110000,0.112200,0.095500,0.072800,0.080900,0.075100,0.076100,0.214000,0.121600,0.099200,0.097200,0.094100,0.080900,0.075900,0.073300,0.074500,0.076300,0.077000,0.076300
Cycle_31	27267,29.9,0.147900,0.113500,0.118300,0.113500,0.114700,0.115900,0.122400,0.102500,0.073900,0.080400,0.075700,0.075900,0.119500,0.111900,0.099100,0.099400,0.102400,0.081200,0.075900,0.074900,0.074400,0.076400,0.076100,0.074800,0.143100,0.111400,0.118700,0.111300,0.115100,0.116800,0.117600,0.103600,0.073800,0.081800,0.074500,0.076300,0.127800,0.112600,0.106300,0.095900,0.096300,0.081900,0.074800,0.072200,0.073400,0.075100,0.073600,0.077300,0.288000,0.114000,0.115300,0.111400,0.117200,0.119500,0.123500,0.105100,0.074100,0.086200,0.078700,0.080900,0.165700,0.113700,0.098800,0.095800,0.092600,0.079900,0.074300,0.072400,0.072200,0.074800,0.073700,0.073500,0.481700,0.118400,0.116200,0.109600,0.115400,0.112900,0.114800,0.098100,0.072000,0.080600,0.073800,0.075300,0.217700,0.124400,0.099900,0.097800,0.098800,0.081500,0.075800,0.074100,0.073400,0.076100,0.076000,0.075900
Cycle_32	28147,29.9,0.151200,0.119500,0.137200,0.115400,0.119800,0.122100,0.127600,0.106800,0.073700,0.081600,0.077200,0.077300,0.122000,0.116100,0.102100,0.103500,0.102400,0.082400,0.076500,0.076000,0.076000,0.076800,0.075800,0.076100,0.150400,0.115800,0.118300,0.114100,0.119500,0.121700,0.121400,0.107600,0.074100,0.083100,0.075800,0.077300,0.131100,0.117300,0.110400,0.100400,0.101300,0.084400,0.075500,0.073600,0.075000,0.076500,0.075000,0.079800,0.285200,0.118600,0.115800,0.114300,0.121400,0.125500,0.129800,0.109000,0.075100,0.088000,0.078600,0.081400,0.161500,0.117900,0.101100,0.099000,0.102600,0.081200,0.075000,0.073700,0.073600,0.075600,0.074300,0.075100,0.475100,0.123000,0.122300,0.113300,0.120200,0.116700,0.120100,0.100600,0.072400,0.081600,0.074300,0.076100,0.220000,0.127400,0.104000,0.101400,0.101500,0.082100,0.076400,0.073900,0.074800,0.076900,0.076700,0.077200
Cycle_33	29028,29.9,0.160300,0.123900,0.138500,0.121500,0.122500,0.126200,0.132800,0.110200,0.075300,0.082400,0.076000,0.077300,0.127400,0.119100,0.104000,0.102300,0.114900,0.082700,0.075900,0.076400,0.075700,0.076900,0.076400,0.076000,0.153200,0.120200,0.120500,0.118700,0.124600,0.126000,0.126300,0.110400,0.073900,0.084200,0.075800,0.076600,0.135800,0.120000,0.111900,0.101600,0.100700,0.084100,0.076500,0.074600,0.073900,0.075700,0.074500,0.076700,0.290200,0.122600,0.119200,0.119500,0.124300,0.129800,0.134100,0.111700,0.074800,0.088400,0.078900,0.081100,0.171900,0.123600,0.104300,0.099200,0.101600,0.081600,0.075500,0.073800,0.074700,0.076600,0.075100,0.075600,0.479700,0.128400,0.126700,0.117100,0.122500,0.121100,0.123300,0.103900,0.072900,0.082400,0.074600,0.076100,0.225000,0.132800,0.106200,0.103700,0.101900,0.084600,0.076000,0.073800,0.074900,0.076700,0.077700,0.076800
Cycle_34	29908,29.7,0.164300,0.128200,0.146700,0.124800,0.129400,0.129800,0.137700,0.113600,0.075100,0.083900,0.077800,0.077700,0.131800,0.123200,0.107100,0.107900,0.116400,0.084700,0.077800,0.076700,0.076300,0.077500,0.077300,0.075500,0.163500,0.124400,0.126100,0.122500,0.128700,0.130000,0.131900,0.114200,0.074700,0.085800,0.076300,0.076900,0.142700,0.123400,0.116000,0.104500,0.103900,0.086400,0.076700,0.075100,0.075700,0.076800,0.074900,0.079900,0.292900,0.128400,0.122500,0.122500,0.129500,0.133900,0.140000,0.114700,0.075900,0.089700,0.080000,0.081900,0.175700,0.127100,0.107900,0.103300,0.104800,0.083300,0.077000,0.073300,0.075400,0.076500,0.075500,0.075800,0.486300,0.133500,0.130500,0.121100,0.129500,0.124400,0.130100,0.108600,0.072900,0.084300,0.075500,0.078300,0.232000,0.136900,0.109500,0.107900,0.104700,0.085700,0.076600,0.074900,0.075500,0.077200,0.078300,0.076600
Cycle_35	30788,29.9,0.172300,0.132900,0.146000,0.128700,0.132000,0.134400,0.143800,0.116700,0.074600,0.083300,0.076000,0.076800,0.136800,0.126700,0.108700,0.109000,0.111900,0.083700,0.076500,0.075600,0.076000,0.077100,0.075900,0.074800,0.167000,0.128200,0.127000,0.125700,0.132900,0.133800,0.136300,0.116000,0.073200,0.085300,0.074600,0.076100,0.143600,0.125700,0.119200,0.106100,0.105400,0.089400,0.075600,0.074200,0.074700,0.074800,0.073800,0.078600,0.290800,0.131600,0.126200,0.126200,0.131600,0.138300,0.145500,0.118500,0.074500,0.090300,0.078600,0.081000,0.179600,0.131200,0.108900,0.105200,0.107300,0.082700,0.075700,0.073800,0.075100,0.075900,0.074300,0.075100,0.473600,0.134900,0.133000,0.124600,0.132500,0.127900,0.132400,0.109100,0.072800,0.085700,0.075100,0.076600,0.235200,0.140100,0.110600,0.110800,0.106300,0.087000,0.074900,0.074000,0.073500,0.076600,0.076700,0.076700
Cycle_36	31658,30.0,0.177300,0.137100,0.148600,0.132100,0.136600,0.137500,0.149400,0.117700,0.074100,0.084600,0.075600,0.076900,0.140100,0.129700,0.110600,0.111100,0.120400,0.084600,0.076600,0.075000,0.075000,0.076300,0.075500,0.075100,0.170000,0.131500,0.131700,0.128300,0.136800,0.138900,0.142000,0.118900,0.074500,0.086500,0.075200,0.076100,0.147200,0.130400,0.121200,0.107800,0.105600,0.090600,0.075900,0.073100,0.074900,0.075800,0.074100,0.077600,0.299700,0.134900,0.128600,0.129500,0.137000,0.142000,0.151700,0.120200,0.073700,0.091400,0.077800,0.081500,0.183700,0.134800,0.111800,0.106600,0.109600,0.083200,0.075500,0.073400,0.075100,0.075400,0.073800,0.074100,0.494100,0.140800,0.138900,0.127900,0.138700,0.131900,0.138300,0.112400,0.072700,0.086100,0.074600,0.076000,0.241100,0.143900,0.112300,0.111700,0.107300,0.086800,0.076200,0.073700,0.074600,0.075600,0.076900,0.075500
Cycle_37	32539,30.1,0.186400,0.142900,0.151500,0.137300,0.139800,0.142200,0.156200,0.122400,0.073800,0.085300,0.075900,0.076400,0.145400,0.135500,0.114000,0.113900,0.122100,0.085700,0.076200,0.074100,0.075300,0.075600,0.074700,0.075200,0.178800,0.136000,0.138200,0.134300,0.141400,0.142900,0.145800,0.122700,0.073400,0.088200,0.075500,0.075300,0.154800,0.134000,0.123300,0.110500,0.109800,0.094200,0.076100,0.073200,0.074700,0.075800,0.074700,0.076200,0.306000,0.141400,0.131700,0.134400,0.143100,0.147500,0.158100,0.123900,0.074600,0.092700,0.078200,0.080900,0.191900,0.137900,0.114500,0.107000,0.110100,0.085900,0.075400,0.072800,0.076100,0.075900,0.073700,0.075200,0.477000,0.146000,0.141900,0.132700,0.143200,0.138500,0.143100,0.116200,0.072400,0.087700,0.073900,0.076000,0.245700,0.147000,0.115900,0.114800,0.111800,0.091100,0.075900,0.072200,0.074900,0.076800,0.075500,0.076700
Cycle_38	33419,30.0,0.197300,0.149700,0.154800,0.143300,0.147700,0.149600,0.163700,0.126100,0.075300,0.087200,0.076400,0.077200,0.152300,0.140700,0.116700,0.116400,0.124800,0.087800,0.077300,0.075600,0.075200,0.077200,0.076000,0.075700,0.186200,0.143900,0.144400,0.139600,0.148800,0.151800,0.152800,0.126200,0.073300,0.092300,0.075600,0.076600,0.160100,0.139300,0.129500,0.113700,0.115400,0.094100,0.077500,0.074500,0.075300,0.076800,0.075800,0.078500,0.313000,0.148600,0.137300,0.139500,0.147500,0.153200,0.165000,0.129000,0.074800,0.093700,0.078900,0.081500,0.194900,0.143500,0.118400,0.110200,0.111800,0.086300,0.075800,0.074100,0.074800,0.076800,0.075700,0.075100,0.500800,0.151000,0.151300,0.138500,0.150600,0.145200,0.151100,0.120500,0.073700,0.090900,0.074900,0.076400,0.250500,0.152300,0.119800,0.119200,0.115800,0.090600,0.076500,0.073500,0.074400,0.076700,0.078300,0.076500
Cycle_39	34299,30.0,0.199800,0.156700,0.160000,0.147100,0.153200,0.152600,0.169900,0.130400,0.073700,0.087900,0.075500,0.075800,0.155600,0.145100,0.121500,0.118200,0.125300,0.088600,0.076500,0.074200,0.075900,0.075600,0.075400,0.074900,0.189800,0.148100,0.149500,0.144700,0.154900,0.154500,0.161400,0.132300,0.073900,0.092900,0.074600,0.075600,0.163500,0.144400,0.132800,0.117500,0.115900,0.096000,0.075900,0.073600,0.074700,0.074700,0.073600,0.077200,0.314700,0.151800,0.141800,0.142900,0.153100,0.160300,0.174400,0.134500,0.074500,0.093500,0.078600,0.081200,0.197900,0.148400,0.119900,0.110600,0.118600,0.088000,0.075400,0.073000,0.075900,0.074900,0.074200,0.074300,0.504300,0.154400,0.156600,0.143000,0.155400,0.149200,0.157600,0.124300,0.072900,0.092200,0.074700,0.076100,0.255600,0.158200,0.123500,0.122400,0.118400,0.093100,0.075100,0.073400,0.074900,0.076200,0.076200,0.075600
Cycle_40	35180,29.9,0.209300,0.164100,0.159600,0.156400,0.161000,0.161600,0.180000,0.136600,0.075500,0.089800,0.077100,0.077100,0.163600,0.152400,0.124700,0.120400,0.130700,0.091900,0.077700,0.075800,0.076800,0.077500,0.076800,0.076300,0.197800,0.156300,0.157100,0.151300,0.161600,0.163900,0.168000,0.138800,0.074700,0.097500,0.075400,0.076000,0.172200,0.151200,0.137400,0.121700,0.121700,0.097600,0.076300,0.075100,0.076300,0.076500,0.075000,0.078500,0.329500,0.161600,0.148600,0.148300,0.160700,0.167800,0.184300,0.138100,0.075900,0.096500,0.079600,0.081800,0.203400,0.156000,0.126500,0.114000,0.122900,0.091500,0.076400,0.073100,0.076100,0.076400,0.075600,0.075400,0.504900,0.163600,0.166200,0.150400,0.163500,0.158700,0.166100,0.128700,0.072300,0.095600,0.075300,0.078200,0.261900,0.163800,0.127700,0.128100,0.123700,0.096900,0.077200,0.074300,0.076000,0.076900,0.078400,0.076600
Cycle_41	36060,29.9,0.216100,0.172600,0.167100,0.162200,0.167300,0.167800,0.187000,0.141500,0.074900,0.090200,0.076200,0.076300,0.169000,0.159000,0.128900,0.122600,0.134300,0.095000,0.076800,0.076300,0.076800,0.077100,0.076500,0.075200,0.203900,0.162300,0.164400,0.157300,0.170900,0.171600,0.177000,0.143400,0.074300,0.099300,0.074200,0.076500,0.178600,0.157300,0.142600,0.124000,0.123800,0.100300,0.077000,0.074300,0.075600,0.074700,0.074700,0.078200,0.322800,0.168500,0.154500,0.154300,0.167000,0.173300,0.190200,0.144500,0.074000,0.098600,0.078900,0.081300,0.208300,0.163200,0.129500,0.116000,0.117500,0.105300,0.075900,0.073600,0.075300,0.075700,0.074900,0.074900,0.498100,0.168700,0.173100,0.156000,0.169000,0.164800,0.173500,0.133800,0.073300,0.097200,0.074500,0.076800,0.272200,0.171100,0.132300,0.132800,0.129300,0.097900,0.075800,0.073400,0.075300,0.076800,0.076600,0.076900
Cycle_42	36940,29.9,0.230000,0.181600,0.174300,0.170300,0.173600,0.174000,0.196600,0.145000,0.074700,0.091800,0.076200,0.076700,0.177800,0.166100,0.133400,0.126400,0.137100,0.097400,0.076900,0.075200,0.076700,0.077200,0.075600,0.075600,0.212300,0.171200,0.170900,0.163200,0.179200,0.180000,0.185600,0.150400,0.074100,0.101900,0.074300,0.075700,0.186500,0.164100,0.148900,0.129500,0.127000,0.101700,0.076200,0.074600,0.075600,0.075300,0.074700,0.078300,0.335200,0.178400,0.160300,0.159700,0.174500,0.181100,0.199700,0.149100,0.073900,0.099200,0.078600,0.081900,0.213800,0.169400,0.133900,0.119000,0.120300,0.128100,0.075900,0.073500,0.075900,0.075400,0.075500,0.075000,0.513500,0.176300,0.177700,0.162600,0.179500,0.170300,0.182100,0.138700,0.072900,0.100200,0.074700,0.076600,0.277500,0.177300,0.135500,0.136800,0.132300,0.100300,0.076100,0.073800,0.076400,0.077000,0.076900,0.076000
Cycle_43	37821,29.9,0.236200,0.190700,0.173200,0.173800,0.178300,0.182100,0.204800,0.150600,0.074400,0.092600,0.075700,0.076000,0.185000,0.173800,0.138300,0.127700,0.125400,0.095100,0.076500,0.075200,0.076400,0.076200,0.075300,0.075000,0.223700,0.180400,0.180900,0.170300,0.187700,0.190400,0.195900,0.155800,0.073200,0.103100,0.075100,0.076200,0.194000,0.170800,0.152600,0.132200,0.131700,0.102200,0.076900,0.073800,0.075600,0.075500,0.073800,0.078400,0.335400,0.186000,0.165600,0.166900,0.180800,0.187900,0.208000,0.153400,0.074300,0.099800,0.078500,0.081100,0.223000,0.177000,0.139300,0.121100,0.120400,0.116900,0.075900,0.072300,0.075000,0.075100,0.074100,0.074900,0.503200,0.185100,0.187800,0.169400,0.185600,0.181100,0.192500,0.144500,0.072400,0.101100,0.073900,0.076200,0.286400,0.184300,0.140800,0.143300,0.139000,0.101600,0.076600,0.073300,0.076000,0.076100,0.076500,0.076800
Cycle_44	38701,29.7,0.251300,0.201800,0.189200,0.182400,0.187700,0.190700,0.211800,0.156900,0.075600,0.096500,0.076900,0.077100,0.192500,0.181500,0.143400,0.131100,0.126500,0.092200,0.078200,0.076300,0.077900,0.077500,0.076200,0.076300,0.232600,0.189700,0.190500,0.179400,0.198200,0.199800,0.207900,0.164000,0.074900,0.108000,0.076000,0.076800,0.204800,0.179000,0.159600,0.138300,0.136500,0.105900,0.077900,0.074900,0.076200,0.076300,0.074800,0.077000,0.344100,0.195300,0.175900,0.172800,0.188300,0.195500,0.217600,0.161900,0.075300,0.110300,0.079200,0.082600,0.230700,0.186500,0.143300,0.125000,0.125200,0.115900,0.076700,0.073400,0.076200,0.076100,0.076300,0.075400,0.517800,0.193200,0.197100,0.178100,0.201600,0.193700,0.203900,0.150300,0.073700,0.104800,0.074800,0.077100,0.295700,0.194800,0.148300,0.148700,0.145200,0.103500,0.077600,0.074400,0.077000,0.076700,0.077400,0.076800
Cycle_45	39581,29.9,0.262600,0.215400,0.197200,0.191400,0.196300,0.199400,0.225400,0.164600,0.074500,0.096200,0.076100,0.076700,0.204800,0.191100,0.148000,0.132500,0.127600,0.096800,0.078100,0.075200,0.077000,0.075700,0.075200,0.075700,0.243700,0.199300,0.201200,0.187500,0.209700,0.211100,0.217900,0.171700,0.073000,0.108900,0.075500,0.076100,0.215300,0.188900,0.166200,0.143400,0.142700,0.107900,0.076900,0.074400,0.076700,0.075600,0.074400,0.078400,0.356800,0.207600,0.183300,0.181400,0.195200,0.205900,0.229700,0.168500,0.074500,0.137500,0.079200,0.081400,0.241200,0.195900,0.151400,0.127900,0.126200,0.109100,0.076700,0.073400,0.076200,0.075400,0.074500,0.074700,0.515400,0.206100,0.210100,0.186500,0.209100,0.204200,0.215700,0.158300,0.073400,0.106900,0.074300,0.076100,0.303800,0.205900,0.153000,0.154500,0.151300,0.107100,0.076700,0.074000,0.076500,0.076300,0.076700,0.076000
Cycle_46	40462,29.9,0.277000,0.227000,0.209300,0.202200,0.208500,0.210700,0.237300,0.172200,0.074900,0.099500,0.076700,0.076600,0.216700,0.200900,0.155800,0.135900,0.129900,0.109200,0.078600,0.075900,0.077300,0.076900,0.075900,0.074800,0.257500,0.211100,0.211000,0.197200,0.223100,0.224400,0.233500,0.181900,0.074800,0.113200,0.075700,0.076600,0.226600,0.198200,0.173500,0.149300,0.147300,0.111000,0.078100,0.074100,0.078600,0.076400,0.074800,0.076700,0.370000,0.219000,0.193500,0.189600,0.206500,0.216400,0.241300,0.174000,0.075000,0.139400,0.079600,0.081000,0.253900,0.205000,0.158900,0.131300,0.133100,0.099900,0.077200,0.073700,0.077400,0.077000,0.076300,0.075400,0.532700,0.216300,0.220600,0.199100,0.223600,0.216700,0.229100,0.167500,0.073100,0.110300,0.074400,0.076800,0.316600,0.216300,0.161200,0.163300,0.156700,0.110800,0.077200,0.074300,0.076800,0.076200,0.077800,0.076900
Cycle_47	41342,29.7,0.297000,0.237300,0.218800,0.212300,0.219700,0.221900,0.248900,0.177300,0.074400,0.104700,0.075100,0.076000,0.227700,0.212800,0.161700,0.136700,0.132000,0.109500,0.078300,0.075400,0.077600,0.075900,0.075800,0.075400,0.274400,0.221300,0.223500,0.206600,0.234400,0.237400,0.244200,0.191700,0.073500,0.115200,0.075100,0.075800,0.239600,0.209900,0.181400,0.154800,0.153600,0.113100,0.077500,0.073700,0.077700,0.075300,0.073500,0.075900,0.380700,0.231800,0.204500,0.197000,0.216600,0.229800,0.252800,0.180900,0.074900,0.129800,0.078600,0.080700,0.260600,0.214300,0.164600,0.132800,0.137000,0.113700,0.075400,0.073400,0.076900,0.074900,0.074700,0.075500,0.534300,0.228500,0.235700,0.209700,0.237800,0.227900,0.239400,0.175800,0.073000,0.113400,0.073900,0.076700,0.323700,0.224600,0.167300,0.169700,0.166100,0.114200,0.077700,0.074900,0.076900,0.075700,0.076900,0.075900
Cycle_48	42222,29.9,0.312200,0.254000,0.230500,0.222800,0.229000,0.233300,0.258500,0.187100,0.075000,0.100000,0.076800,0.076600,0.239700,0.225000,0.169500,0.142500,0.151700,0.104500,0.079100,0.076500,0.078800,0.077200,0.076500,0.075900,0.286100,0.235300,0.234400,0.218800,0.248500,0.251100,0.260600,0.204600,0.074400,0.120600,0.076000,0.076100,0.251800,0.219700,0.191500,0.163200,0.161900,0.118900,0.076900,0.074700,0.077600,0.076300,0.074500,0.078200,0.394100,0.245900,0.213200,0.205700,0.228400,0.240100,0.265700,0.189200,0.075500,0.108900,0.079100,0.081800,0.273500,0.227500,0.173400,0.136600,0.138700,0.098200,0.077600,0.072900,0.077500,0.076100,0.075300,0.074900,0.545500,0.243400,0.245200,0.221500,0.251700,0.244700,0.257800,0.183100,0.072700,0.118100,0.074500,0.077000,0.338700,0.237600,0.177100,0.179100,0.173100,0.118000,0.078400,0.074100,0.078400,0.076400,0.077100,0.076500
Cycle_49	43103,29.9,0.326300,0.271600,0.245700,0.235000,0.241200,0.244900,0.272200,0.193500,0.074600,0.106100,0.076200,0.077100,0.251800,0.237600,0.179100,0.147700,0.143500,0.107400,0.078200,0.075300,0.079700,0.076600,0.075200,0.075600,0.302400,0.251600,0.248300,0.232600,0.264300,0.267100,0.279100,0.214800,0.073800,0.125400,0.074200,0.076200,0.270100,0.235200,0.203300,0.171500,0.169700,0.122100,0.078000,0.073900,0.078500,0.075700,0.073900,0.076300,0.413400,0.263000,0.224600,0.215900,0.242800,0.255600,0.281000,0.199000,0.074200,0.109800,0.079100,0.081300,0.287700,0.243100,0.183400,0.139500,0.141200,0.098200,0.077000,0.073500,0.078000,0.076100,0.074600,0.075200,0.555200,0.255500,0.259800,0.234900,0.267700,0.257400,0.275100,0.195200,0.073100,0.122000,0.075000,0.076500,0.353000,0.255400,0.187000,0.188800,0.182300,0.122300,0.077900,0.073800,0.078700,0.076900,0.075900,0.077200
Cycle_50	43983,29.9,0.343000,0.283300,0.254500,0.247700,0.257100,0.255900,0.287500,0.203000,0.074600,0.102300,0.075800,0.076000,0.263600,0.249700,0.187300,0.150100,0.151000,0.103600,0.078600,0.075400,0.079200,0.076200,0.075100,0.075400,0.316300,0.267200,0.259900,0.245800,0.281400,0.285000,0.294000,0.228300,0.074600,0.129100,0.073300,0.074900,0.280900,0.249800,0.211400,0.179300,0.176600,0.126200,0.077900,0.073700,0.077400,0.075300,0.074500,0.075800,0.421900,0.276000,0.239500,0.229500,0.251700,0.269300,0.295000,0.209200,0.074100,0.110900,0.079100,0.081100,0.300000,0.253700,0.190100,0.143600,0.145100,0.099000,0.077300,0.072900,0.077300,0.074900,0.073900,0.074900,0.562600,0.274100,0.274000,0.250100,0.284200,0.276800,0.290600,0.205300,0.072700,0.128400,0.074200,0.075600,0.365000,0.268500,0.194400,0.198700,0.192300,0.126200,0.077500,0.073600,0.078100,0.076100,0.076900,0.075800
Cycle_51	44863,30.0,0.367700,0.303200,0.266500,0.255700,0.269900,0.269000,0.299800,0.209900,0.074400,0.103700,0.075900,0.075900,0.277800,0.262000,0.195600,0.154800,0.150000,0.108900,0.079200,0.074500,0.079100,0.076400,0.075900,0.074900,0.332700,0.280600,0.276300,0.260000,0.294200,0.301000,0.310300,0.240300,0.073800,0.134800,0.075100,0.075700,0.296100,0.262900,0.224300,0.187700,0.186800,0.130800,0.078500,0.074000,0.079200,0.075500,0.073900,0.078300,0.437200,0.291300,0.247700,0.236300,0.265300,0.280000,0.306300,0.214700,0.074500,0.114300,0.079000,0.080500,0.312100,0.269800,0.200100,0.147200,0.149100,0.100700,0.078100,0.073300,0.078300,0.074500,0.074900,0.073600,0.580200,0.284100,0.286100,0.266700,0.300100,0.290300,0.304000,0.219400,0.073400,0.130200,0.074200,0.076800,0.378700,0.279200,0.203800,0.210200,0.202200,0.130300,0.078600,0.072700,0.078700,0.076200,0.076600,0.075900
Cycle_52	45743,29.9,0.374900,0.323400,0.284400,0.274100,0.284100,0.285700,0.315800,0.222000,0.074600,0.105200,0.076200,0.076600,0.293100,0.279800,0.207500,0.158300,0.164600,0.125900,0.080200,0.075400,0.081000,0.076200,0.076000,0.076000,0.351500,0.298500,0.290300,0.279700,0.309800,0.316600,0.327600,0.257600,0.074600,0.141900,0.075700,0.075500,0.310100,0.277000,0.237400,0.198300,0.196400,0.137600,0.078800,0.074000,0.081200,0.076200,0.075100,0.076900,0.449200,0.312300,0.267100,0.249300,0.279500,0.298000,0.322000,0.226500,0.075000,0.119600,0.079500,0.081300,0.326500,0.283000,0.212400,0.152200,0.152100,0.141500,0.078600,0.073000,0.078800,0.076100,0.075200,0.075400,0.585400,0.302800,0.301600,0.282900,0.316000,0.308100,0.321500,0.231800,0.072700,0.137400,0.074800,0.076600,0.394100,0.298200,0.218500,0.223800,0.216200,0.136700,0.079400,0.074000,0.080300,0.076200,0.076400,0.076800
Cycle_53	46614,30.0,0.398200,0.338100,0.296200,0.284300,0.294300,0.298000,0.323600,0.228200,0.074700,0.110000,0.075900,0.076700,0.309000,0.293600,0.217400,0.159800,0.167100,0.146600,0.079900,0.075300,0.081000,0.076200,0.075200,0.076100,0.362200,0.312000,0.304700,0.294600,0.327600,0.332500,0.340600,0.274200,0.073800,0.145900,0.075500,0.076200,0.326900,0.289800,0.250700,0.209900,0.207800,0.142700,0.079700,0.073600,0.081600,0.076600,0.074400,0.077300,0.462700,0.327300,0.280000,0.261600,0.290100,0.311800,0.333100,0.234000,0.074900,0.123900,0.079300,0.081400,0.341600,0.299000,0.223200,0.154800,0.158000,0.153100,0.079300,0.073100,0.080400,0.075900,0.075300,0.075400,0.593700,0.317400,0.318200,0.295700,0.330900,0.321400,0.337500,0.245500,0.073000,0.143700,0.074700,0.075700,0.409100,0.307700,0.229800,0.235800,0.228000,0.142700,0.079800,0.073200,0.081000,0.076400,0.076600,0.077200
Cycle_54	47495,29.9,0.418500,0.355300,0.313900,0.299600,0.313200,0.313400,0.338100,0.239300,0.075900,0.115100,0.077000,0.077500,0.325400,0.309500,0.233400,0.165500,0.162200,0.159100,0.081700,0.075500,0.082700,0.077200,0.076200,0.076400,0.382300,0.327500,0.319900,0.308100,0.345700,0.349500,0.358900,0.290400,0.075600,0.154400,0.075100,0.077000,0.343300,0.307400,0.267200,0.221900,0.223100,0.149200,0.080700,0.074500,0.083700,0.075800,0.074700,0.077300,0.484200,0.347500,0.294500,0.277100,0.307900,0.327400,0.349100,0.244400,0.075900,0.128100,0.079600,0.082100,0.360000,0.315800,0.236900,0.158700,0.162500,0.154800,0.079900,0.073700,0.082000,0.076500,0.075800,0.075500,0.607100,0.334500,0.335300,0.315000,0.349600,0.338900,0.355700,0.262800,0.074900,0.151400,0.075300,0.077300,0.423700,0.328700,0.244800,0.250400,0.242300,0.149900,0.080500,0.074700,0.082000,0.076800,0.078200,0.077400
Cycle_55	48367,30.0,0.430800,0.368700,0.330300,0.310000,0.323900,0.324500,0.347100,0.247600,0.075300,0.133700,0.076400,0.076600,0.337600,0.324900,0.244300,0.169700,0.177400,0.167600,0.081700,0.074300,0.082200,0.075900,0.075700,0.075300,0.399100,0.341700,0.336000,0.325700,0.359100,0.362200,0.374400,0.300900,0.074300,0.161200,0.075900,0.076000,0.359100,0.320300,0.282600,0.233700,0.233200,0.155100,0.080500,0.074400,0.084300,0.075900,0.073900,0.076500,0.501600,0.359400,0.306900,0.288500,0.319000,0.346000,0.362000,0.255600,0.075100,0.152700,0.079100,0.081200,0.373800,0.329300,0.247400,0.164300,0.169100,0.151400,0.080100,0.073300,0.082100,0.075700,0.074300,0.075000,0.623100,0.348800,0.346200,0.328900,0.364200,0.356600,0.371900,0.277100,0.073700,0.155600,0.074000,0.076800,0.437700,0.342900,0.261000,0.265900,0.258900,0.154800,0.080400,0.073000,0.082800,0.076500,0.075700,0.076500
Cycle_56	49247,30.2,0.445400,0.391300,0.349000,0.328200,0.341700,0.344100,0.367200,0.258600,0.073500,0.141000,0.074900,0.076200,0.353600,0.342100,0.258700,0.175400,0.174600,0.167400,0.082300,0.074900,0.083900,0.074800,0.075200,0.074700,0.417700,0.360300,0.353200,0.342500,0.376500,0.384000,0.395700,0.321700,0.074300,0.169900,0.074700,0.075100,0.375500,0.337400,0.302300,0.248600,0.246500,0.164000,0.079900,0.073900,0.085600,0.075600,0.073700,0.075500,0.524000,0.381900,0.324300,0.303400,0.330500,0.361800,0.377100,0.265200,0.074500,0.152700,0.078000,0.080600,0.390300,0.346100,0.264100,0.169300,0.173600,0.154800,0.079800,0.072300,0.082400,0.074800,0.074300,0.074100,0.631800,0.370500,0.366900,0.348500,0.384000,0.373000,0.391800,0.293900,0.072600,0.162800,0.072800,0.075300,0.455000,0.359900,0.276800,0.281800,0.273900,0.161600,0.080700,0.073300,0.083100,0.074600,0.076200,0.076000
Cycle_57	50126,30.0,0.467200,0.411000,0.362000,0.339500,0.352100,0.351900,0.374800,0.267500,0.075100,0.148700,0.076400,0.076600,0.371800,0.356100,0.268400,0.181300,0.186900,0.170900,0.082700,0.075400,0.086200,0.076800,0.076000,0.076100,0.444600,0.373500,0.367700,0.356500,0.394100,0.395900,0.410500,0.337600,0.075300,0.179900,0.075700,0.075600,0.398200,0.351900,0.318600,0.263100,0.261700,0.172700,0.081900,0.073900,0.085900,0.075600,0.074500,0.076300,0.552000,0.401400,0.338900,0.316500,0.344700,0.377200,0.387300,0.272800,0.075200,0.169900,0.079200,0.080500,0.424200,0.364400,0.278600,0.172600,0.178400,0.151800,0.081500,0.073300,0.083600,0.075600,0.074900,0.075600,0.654700,0.391400,0.381400,0.363100,0.396900,0.389200,0.406800,0.307300,0.073400,0.172500,0.074600,0.077000,0.485300,0.380900,0.290600,0.293000,0.287900,0.172100,0.082900,0.072900,0.084800,0.076700,0.076900,0.076300
Cycle_58	51006,30.0,0.483500,0.426700,0.383600,0.352600,0.368700,0.365300,0.389400,0.279200,0.073600,0.152500,0.075800,0.076000,0.390100,0.374200,0.286900,0.187100,0.193400,0.167600,0.083900,0.074700,0.085800,0.076000,0.075000,0.074800,0.458300,0.390300,0.385400,0.373900,0.409700,0.418000,0.430800,0.353400,0.073900,0.188000,0.074900,0.077200,0.412400,0.367200,0.338900,0.276800,0.277200,0.181300,0.081700,0.073100,0.087500,0.075400,0.073800,0.078300,0.581400,0.422500,0.356300,0.332900,0.358600,0.394900,0.406500,0.287900,0.074000,0.175700,0.078200,0.080800,0.445700,0.384800,0.295900,0.179200,0.185200,0.154700,0.081800,0.072900,0.083600,0.075200,0.074100,0.074600,0.676300,0.411200,0.399200,0.378100,0.419300,0.411400,0.425300,0.324600,0.073600,0.182800,0.074300,0.075200,0.513900,0.400700,0.307100,0.311100,0.304000,0.183300,0.082400,0.073700,0.087200,0.075500,0.075900,0.076200
Cycle_59	51879,29.9,0.497100,0.441100,0.396000,0.364800,0.380300,0.381800,0.399200,0.290000,0.073200,0.153900,0.074300,0.074700,0.404800,0.389100,0.300400,0.192300,0.198300,0.167200,0.085500,0.074200,0.085600,0.074700,0.073900,0.073800,0.476500,0.407500,0.399800,0.389000,0.427600,0.435800,0.446200,0.370300,0.073500,0.199800,0.073800,0.074700,0.429500,0.381300,0.357000,0.289600,0.292600,0.190200,0.082100,0.072800,0.088000,0.074800,0.073600,0.075900,0.601500,0.435300,0.372700,0.345500,0.371300,0.410000,0.418700,0.297700,0.073300,0.178200,0.077400,0.079300,0.469200,0.401100,0.306400,0.184400,0.192500,0.156900,0.081000,0.072800,0.084700,0.074800,0.073400,0.073600,0.690500,0.431100,0.416500,0.397600,0.437000,0.428800,0.443700,0.338400,0.072500,0.191500,0.073500,0.074600,0.533300,0.417500,0.322500,0.329200,0.317200,0.191200,0.083200,0.072100,0.085800,0.074400,0.075000,0.075200
Cycle_60	52758,29.9,0.517500,0.459000,0.417100,0.376600,0.393600,0.394000,0.414000,0.301500,0.074700,0.154600,0.074500,0.075800,0.420900,0.405800,0.318200,0.199100,0.198800,0.174500,0.086500,0.074900,0.088300,0.076000,0.075300,0.074700,0.498700,0.426000,0.416700,0.408800,0.448500,0.452400,0.467500,0.387300,0.074900,0.213300,0.074500,0.075000,0.453900,0.400500,0.376000,0.307200,0.309200,0.201900,0.083800,0.073600,0.091800,0.075700,0.073400,0.076500,0.642600,0.460300,0.393700,0.361500,0.389400,0.427700,0.434900,0.312800,0.074300,0.169800,0.078600,0.080500,0.509000,0.425400,0.327300,0.191200,0.196800,0.156200,0.083700,0.072600,0.087400,0.074900,0.074300,0.074600,0.730800,0.467500,0.431700,0.419200,0.457200,0.445300,0.464200,0.361300,0.074000,0.204200,0.073200,0.076700,0.572200,0.455700,0.341900,0.346000,0.341400,0.204800,0.084900,0.073400,0.089200,0.074800,0.076300,0.075700
Cycle_61	53638,30.1,0.533400,0.480300,0.437200,0.393700,0.409700,0.409000,0.424600,0.314600,0.075200,0.158200,0.075400,0.076400,0.438300,0.427700,0.338900,0.207300,0.213200,0.169600,0.088100,0.075700,0.090900,0.076200,0.075700,0.075200,0.508800,0.446000,0.432600,0.427000,0.466300,0.475300,0.486000,0.407000,0.074900,0.225300,0.074300,0.076000,0.465600,0.417500,0.397100,0.324400,0.325500,0.212500,0.084800,0.073900,0.095100,0.075700,0.074400,0.078700,0.654400,0.479500,0.412200,0.376100,0.403900,0.443600,0.449200,0.323800,0.074900,0.159600,0.079300,0.080600,0.524000,0.437300,0.341800,0.197700,0.205600,0.160100,0.084700,0.073100,0.088800,0.075700,0.075100,0.075100,0.741300,0.473300,0.445800,0.434500,0.474800,0.465100,0.480700,0.375500,0.074900,0.216300,0.073800,0.076600,0.587700,0.465300,0.356300,0.362300,0.356100,0.215000,0.086900,0.073900,0.093700,0.076200,0.076300,0.076400
Cycle_62	54509,30.1,0.540000,0.491900,0.449600,0.403900,0.418700,0.420700,0.437200,0.323800,0.073900,0.160600,0.075300,0.075000,0.450500,0.441300,0.351500,0.211100,0.213400,0.172700,0.088500,0.074500,0.090900,0.075500,0.074900,0.074800,0.525100,0.458200,0.442600,0.442400,0.478100,0.485600,0.495800,0.421800,0.074400,0.238400,0.074800,0.074800,0.480700,0.432400,0.412600,0.338600,0.340300,0.226900,0.086400,0.073600,0.097700,0.075100,0.073500,0.075700,0.670900,0.490500,0.425600,0.383000,0.411300,0.451500,0.453900,0.332100,0.074500,0.154300,0.078200,0.080900,0.540300,0.451000,0.359500,0.203100,0.211900,0.163200,0.086900,0.072300,0.090000,0.075200,0.073800,0.074000,0.761700,0.483300,0.458200,0.450100,0.487500,0.476400,0.493100,0.390400,0.074300,0.228200,0.073400,0.076200,0.604900,0.475000,0.368200,0.375200,0.368900,0.226700,0.087400,0.073600,0.094200,0.075700,0.075100,0.076200
Cycle_63	55389,30.1,0.570300,0.505900,0.473000,0.420500,0.433300,0.434900,0.451600,0.334200,0.075600,0.164700,0.076300,0.076600,0.472300,0.460200,0.376500,0.223300,0.225800,0.172700,0.090800,0.075600,0.095000,0.077200,0.075800,0.075400,0.546200,0.480500,0.460800,0.463000,0.497700,0.507600,0.516400,0.441400,0.076200,0.256900,0.075300,0.076300,0.506600,0.452800,0.434000,0.354600,0.358800,0.242700,0.093200,0.074300,0.100700,0.076300,0.074400,0.076700,0.686200,0.512600,0.444600,0.402300,0.424900,0.470800,0.475700,0.347000,0.075100,0.158100,0.078800,0.081100,0.560800,0.475400,0.379700,0.211900,0.221300,0.164000,0.094000,0.074200,0.093400,0.074900,0.075100,0.076100,0.778900,0.506400,0.474400,0.471100,0.508300,0.501900,0.514300,0.411800,0.075800,0.245100,0.074700,0.077400,0.627800,0.497700,0.388400,0.396500,0.387300,0.245800,0.091700,0.074100,0.098900,0.077100,0.076900,0.077100
Cycle_64	56269,30.1,0.561500,0.515300,0.477800,0.427200,0.440000,0.446800,0.461400,0.344300,0.074100,0.164100,0.075800,0.075700,0.480700,0.474400,0.389000,0.227800,0.235100,0.177200,0.095400,0.075300,0.098100,0.076600,0.075400,0.075100,0.550700,0.489200,0.466400,0.478700,0.511100,0.519500,0.525400,0.456900,0.077300,0.272900,0.075400,0.075200,0.515600,0.465200,0.451800,0.373000,0.373800,0.259900,0.096200,0.074000,0.103900,0.075500,0.073700,0.076200,0.706500,0.524800,0.457300,0.414900,0.435700,0.484100,0.487200,0.355400,0.075100,0.160600,0.078600,0.081200,0.579200,0.490000,0.396600,0.219200,0.228200,0.165900,0.091700,0.072600,0.095500,0.075100,0.074700,0.075100,0.800100,0.531800,0.488200,0.490800,0.517200,0.518700,0.525200,0.426900,0.074600,0.258700,0.074100,0.076400,0.654100,0.518400,0.408000,0.414600,0.406700,0.260900,0.091300,0.074300,0.100800,0.076900,0.076400,0.076300
Cycle_65	57150,30.0,0.576700,0.532000,0.491800,0.442300,0.454700,0.456500,0.477300,0.358600,0.075700,0.167300,0.076100,0.076600,0.493900,0.489100,0.408700,0.238400,0.237000,0.174500,0.098000,0.075800,0.100400,0.077100,0.076300,0.075700,0.566800,0.508400,0.481800,0.496200,0.531700,0.537100,0.542500,0.477900,0.077300,0.291900,0.075900,0.075300,0.530500,0.482600,0.479900,0.387000,0.392600,0.273100,0.096700,0.074000,0.107400,0.076200,0.074800,0.077200,0.729000,0.545200,0.474000,0.430300,0.451000,0.500100,0.502300,0.367500,0.075400,0.165000,0.080100,0.081400,0.599800,0.501500,0.413200,0.227000,0.236200,0.167300,0.092800,0.073400,0.099800,0.075800,0.075100,0.075700,0.819800,0.545000,0.499600,0.505800,0.532300,0.532400,0.540400,0.446400,0.076300,0.276300,0.073700,0.077200,0.669700,0.531800,0.424500,0.430300,0.426400,0.274100,0.095300,0.074700,0.103900,0.076000,0.076600,0.076800
Cycle_66	58090,29.9,0.585500,0.535300,0.500700,0.452700,0.461600,0.467300,0.485400,0.362000,0.074400,0.164500,0.075400,0.075400,0.503700,0.500000,0.427200,0.242900,0.251600,0.178300,0.104300,0.074200,0.100200,0.075900,0.074800,0.074800,0.576300,0.518400,0.490500,0.510200,0.536600,0.547800,0.550000,0.491800,0.075300,0.305600,0.074800,0.074900,0.540600,0.490500,0.491300,0.402100,0.406400,0.287900,0.097200,0.073100,0.109700,0.074600,0.073500,0.075300,0.737300,0.554700,0.486200,0.439300,0.455400,0.506000,0.513200,0.375000,0.073800,0.170900,0.078400,0.080100,0.608800,0.513900,0.432200,0.231000,0.244100,0.167700,0.094700,0.072800,0.099700,0.074800,0.073600,0.073800,0.832400,0.552600,0.506900,0.520600,0.545900,0.540800,0.551100,0.466200,0.075500,0.291300,0.073400,0.075800,0.682600,0.537700,0.437900,0.449100,0.441400,0.288800,0.097100,0.073300,0.105700,0.075800,0.074800,0.076300
Cycle_67	58970,29.9,0.594900,0.550000,0.514700,0.465500,0.473200,0.481500,0.498800,0.376200,0.074700,0.171200,0.075300,0.075700,0.514600,0.510200,0.449100,0.253800,0.259300,0.180900,0.106900,0.075400,0.106100,0.075700,0.075000,0.075000,0.590100,0.536000,0.502600,0.528600,0.549300,0.560100,0.561800,0.509600,0.077300,0.323500,0.074800,0.075300,0.555400,0.505400,0.507600,0.420900,0.425300,0.304200,0.098800,0.073800,0.113000,0.075400,0.073700,0.075500,0.748100,0.569000,0.497600,0.453100,0.472500,0.518800,0.528600,0.387100,0.074800,0.171100,0.078100,0.080900,0.620600,0.523200,0.449200,0.242000,0.258000,0.173300,0.095800,0.072300,0.105000,0.075400,0.073900,0.074800,0.847100,0.563700,0.516500,0.534300,0.557600,0.557000,0.563000,0.480000,0.076600,0.308400,0.073700,0.074800,0.696900,0.553100,0.459100,0.464500,0.456700,0.302000,0.100900,0.073800,0.111000,0.075200,0.076600,0.076300
Cycle_68	59851,30.0,0.599500,0.557100,0.520900,0.474500,0.481400,0.486300,0.504700,0.385300,0.076200,0.172900,0.076000,0.076500,0.519500,0.516500,0.461300,0.261700,0.265600,0.182700,0.106400,0.075700,0.110200,0.077000,0.075800,0.075800,0.592900,0.539900,0.507400,0.541000,0.561100,0.569500,0.572200,0.522900,0.078500,0.341400,0.074500,0.075800,0.565200,0.518900,0.524000,0.439700,0.446100,0.321400,0.102400,0.074900,0.117300,0.075400,0.074400,0.076600,0.759100,0.574100,0.506600,0.467100,0.483900,0.532200,0.538700,0.401400,0.075100,0.181000,0.078900,0.081200,0.641000,0.534000,0.467000,0.248200,0.264800,0.177700,0.101900,0.073800,0.108800,0.075100,0.075300,0.075000,0.865500,0.580800,0.524100,0.546600,0.567800,0.564300,0.569500,0.497700,0.077500,0.325000,0.074200,0.076000,0.714100,0.574300,0.476000,0.477400,0.473800,0.320700,0.102400,0.074300,0.114800,0.076200,0.076900,0.076500
Cycle_69	60731,30.2,0.604800,0.565500,0.528600,0.486100,0.491300,0.495600,0.510800,0.391200,0.074700,0.172000,0.075800,0.074900,0.533500,0.529200,0.476500,0.269600,0.275300,0.187000,0.108300,0.074900,0.114300,0.076500,0.075100,0.075500,0.614700,0.552700,0.513100,0.553700,0.568500,0.579300,0.578400,0.537700,0.078500,0.359400,0.074300,0.075300,0.584000,0.529900,0.543300,0.458000,0.462800,0.335100,0.106400,0.074500,0.122200,0.074800,0.073900,0.075600,0.770000,0.581100,0.517800,0.475700,0.489400,0.544800,0.548300,0.412800,0.073600,0.186700,0.078700,0.080400,0.655800,0.544400,0.484000,0.259300,0.276200,0.178100,0.103700,0.072800,0.112100,0.075100,0.074700,0.075700,0.871100,0.593300,0.532700,0.560700,0.578500,0.572200,0.580500,0.509900,0.077600,0.342400,0.074600,0.076100,0.726300,0.588500,0.493000,0.496900,0.491900,0.337700,0.104900,0.074000,0.119100,0.075900,0.076100,0.076400
Exp_StopDate	2018-07-28
Exp_StopTime	10:25:48
