Version	2.0
User_Name	Justin
Reader_Name	T7
Reader_Type	GENios
Serial_Num	12901500174
Plate_Size	96
Exp_Name	180709_Mia_Adam_YPD_Sap30
Comments	

Measurement mode	Absorbance
Measurement wavelength	595	nm
Number of flashes	1
Plate definition file	96-well_NUN96ft.pdf
Number of kinetic cycles	1
Kinetic interval (Minimal)		s
Shake duration (Orbital High)	800	s
Shake duration between cycles (Orbital High)	800	s
Exp_StartDate	2018-07-09
Exp_StartTime	18:40:37
Cycle_Header	Secs,Temp,A1,A2,A3,A4,A5,A6,A7,A8,A9,A10,A11,A12,B1,B2,B3,B4,B5,B6,B7,B8,B9,B10,B11,B12,C1,C2,C3,C4,C5,C6,C7,C8,C9,C10,C11,C12,D1,D2,D3,D4,D5,D6,D7,D8,D9,D10,D11,D12,E1,E2,E3,E4,E5,E6,E7,E8,E9,E10,E11,E12,F1,F2,F3,F4,F5,F6,F7,F8,F9,F10,F11,F12,G1,G2,G3,G4,G5,G6,G7,G8,G9,G10,G11,G12,H1,H2,H3,H4,H5,H6,H7,H8,H9,H10,H11,H12
Cycle_1	850,30.1,0.096400,0.095000,0.093400,0.097400,0.095800,0.097100,0.095500,0.096900,0.095900,0.099400,0.099200,0.104400,0.096000,0.101900,0.100900,0.100400,0.101000,0.103100,0.100400,0.100800,0.102100,0.102400,0.104600,0.102500,0.101500,0.099800,0.097200,0.101300,0.097800,0.101300,0.099800,0.103700,0.099500,0.099300,0.100700,0.105900,0.100400,0.109900,0.104300,0.105100,0.100100,0.106300,0.109500,0.105000,0.107700,0.106900,0.107600,0.102900,0.098400,0.097400,0.097400,0.101200,0.098900,0.099500,0.101900,0.102000,0.100100,0.104100,0.098800,0.106200,0.096500,0.111100,0.101600,0.101200,0.101500,0.103300,0.105500,0.104900,0.106900,0.108600,0.105900,0.100800,0.100300,0.096700,0.095100,0.099900,0.098900,0.101500,0.099700,0.099600,0.099900,0.102000,0.100300,0.104300,0.098900,0.109900,0.102300,0.105000,0.102300,0.104700,0.105400,0.102300,0.105600,0.111600,0.106600,0.102100
Cycle_2	1700,29.8,0.099000,0.095700,0.094600,0.096600,0.096900,0.097200,0.095600,0.098000,0.094500,0.095800,0.097700,0.101600,0.097100,0.102500,0.100400,0.099500,0.100600,0.102500,0.101900,0.100100,0.103700,0.103200,0.104700,0.100800,0.101300,0.099100,0.097600,0.099500,0.099200,0.100200,0.100500,0.103100,0.098600,0.099000,0.100900,0.108700,0.099500,0.111900,0.103500,0.106700,0.100900,0.105500,0.108800,0.105100,0.107500,0.108000,0.105200,0.103100,0.098800,0.098900,0.097200,0.100700,0.097900,0.098900,0.100200,0.103000,0.098400,0.102600,0.098800,0.106700,0.098700,0.113700,0.101600,0.100200,0.100200,0.102800,0.108200,0.104200,0.105800,0.108200,0.107600,0.100800,0.101100,0.097000,0.095000,0.100200,0.097300,0.099700,0.101500,0.100500,0.099900,0.102800,0.099500,0.105600,0.098200,0.108000,0.101000,0.100200,0.102300,0.104300,0.104300,0.102300,0.104500,0.110400,0.105600,0.101700
Cycle_3	2551,30.4,0.097800,0.095300,0.094200,0.097800,0.096400,0.099800,0.096800,0.097300,0.096900,0.097100,0.097800,0.103400,0.097600,0.101900,0.100500,0.102500,0.099200,0.103000,0.101400,0.100800,0.104200,0.104300,0.104900,0.104200,0.100300,0.098400,0.099400,0.100400,0.099500,0.100500,0.099900,0.102600,0.099400,0.100500,0.100700,0.105500,0.099400,0.105100,0.102300,0.106600,0.102900,0.106300,0.107400,0.105000,0.106100,0.109000,0.104900,0.103200,0.100300,0.098300,0.098100,0.099200,0.098600,0.099200,0.102600,0.103100,0.098400,0.101200,0.098700,0.105200,0.096900,0.107300,0.102400,0.099900,0.103400,0.102200,0.107000,0.103800,0.107300,0.111300,0.106200,0.102400,0.100700,0.097400,0.095800,0.099400,0.098900,0.099100,0.100600,0.098900,0.099600,0.102300,0.099000,0.104200,0.098400,0.103000,0.101800,0.101600,0.102200,0.104500,0.106600,0.103000,0.101300,0.114200,0.103500,0.103000
Cycle_4	3401,30.4,0.097500,0.095700,0.094600,0.095800,0.096400,0.096500,0.095400,0.096300,0.093600,0.097000,0.099100,0.099700,0.095300,0.102800,0.099900,0.101000,0.099600,0.103800,0.103800,0.099700,0.103800,0.101200,0.104700,0.102500,0.102700,0.097900,0.098800,0.098900,0.098300,0.101800,0.100100,0.103400,0.098400,0.098700,0.100000,0.104200,0.100600,0.107200,0.105000,0.105700,0.101000,0.108100,0.109600,0.104700,0.104300,0.106900,0.106700,0.101000,0.097900,0.096200,0.097900,0.098900,0.099500,0.098600,0.099300,0.101800,0.097500,0.101000,0.097700,0.103900,0.099000,0.107200,0.101700,0.102800,0.100300,0.101100,0.105500,0.103000,0.102900,0.107600,0.107000,0.101400,0.100900,0.097500,0.094200,0.098100,0.098200,0.100500,0.098500,0.099400,0.098500,0.100300,0.098500,0.101300,0.096800,0.107100,0.099600,0.101200,0.101200,0.103200,0.102900,0.101800,0.104000,0.108800,0.103900,0.102800
Cycle_5	4251,30.4,0.096900,0.096200,0.095300,0.095800,0.094100,0.098300,0.095800,0.095900,0.094900,0.097700,0.097400,0.101300,0.097700,0.105800,0.098500,0.101500,0.100700,0.102100,0.101300,0.099900,0.103200,0.102400,0.104800,0.103100,0.102400,0.099800,0.098000,0.101700,0.099800,0.099300,0.100800,0.102000,0.101000,0.098900,0.100700,0.106100,0.100500,0.107100,0.104000,0.107600,0.102600,0.103500,0.109400,0.107800,0.105900,0.105000,0.107700,0.101700,0.099800,0.097700,0.098600,0.099400,0.097100,0.099800,0.100000,0.101900,0.100200,0.102000,0.098800,0.104400,0.098100,0.110600,0.101200,0.104100,0.103200,0.104300,0.111100,0.104700,0.104900,0.106400,0.105300,0.101400,0.100300,0.096500,0.096600,0.098800,0.097800,0.103000,0.099200,0.098300,0.098700,0.101000,0.100000,0.101700,0.096900,0.107100,0.099700,0.102400,0.100600,0.105000,0.107300,0.101500,0.102300,0.111100,0.103900,0.103200
Cycle_6	5101,30.3,0.098200,0.097700,0.093300,0.097100,0.095200,0.096900,0.096100,0.097100,0.093100,0.096400,0.097000,0.101000,0.096400,0.099600,0.098300,0.099300,0.100500,0.101100,0.100800,0.098500,0.101900,0.102400,0.103200,0.101900,0.100100,0.098300,0.096900,0.099700,0.096900,0.099400,0.099500,0.101200,0.098600,0.097700,0.099200,0.104600,0.098600,0.103600,0.103200,0.102500,0.100100,0.104400,0.108000,0.102900,0.104000,0.104300,0.104700,0.101900,0.097200,0.096500,0.097900,0.100300,0.097000,0.098600,0.099900,0.102500,0.098700,0.101200,0.098300,0.104300,0.096700,0.104700,0.099900,0.101400,0.100800,0.102100,0.104600,0.103500,0.101700,0.106500,0.103700,0.102600,0.098200,0.096900,0.095400,0.098300,0.097800,0.102200,0.099200,0.099700,0.099200,0.099200,0.098300,0.104100,0.097000,0.101900,0.100600,0.100800,0.102000,0.102900,0.103800,0.104400,0.101500,0.105900,0.103000,0.102000
Cycle_7	5951,30.3,0.098800,0.097900,0.096100,0.096900,0.096600,0.099500,0.097800,0.096000,0.096700,0.097000,0.096300,0.100200,0.098100,0.106400,0.099200,0.100100,0.099800,0.102000,0.100800,0.101900,0.104800,0.103200,0.104600,0.101700,0.101200,0.098600,0.098400,0.099800,0.098600,0.101800,0.100400,0.100900,0.098200,0.098800,0.099700,0.104600,0.099200,0.112000,0.102300,0.105600,0.100400,0.105400,0.110500,0.105100,0.105300,0.107900,0.105500,0.105200,0.098200,0.097900,0.097200,0.098200,0.098400,0.099600,0.100700,0.102500,0.097400,0.099800,0.099400,0.105800,0.097000,0.109900,0.098700,0.101500,0.100000,0.105500,0.110800,0.102400,0.104400,0.109200,0.105600,0.100800,0.099800,0.098400,0.095100,0.097700,0.097800,0.099400,0.098700,0.098700,0.097800,0.099500,0.098900,0.102000,0.096100,0.109400,0.097300,0.100600,0.102500,0.101500,0.106900,0.101300,0.102800,0.110100,0.105900,0.102400
Cycle_8	6802,30.4,0.098100,0.095000,0.094300,0.096200,0.096400,0.097500,0.097700,0.098100,0.094900,0.096300,0.098500,0.101900,0.099300,0.104100,0.097800,0.098600,0.100000,0.101700,0.100400,0.100500,0.102300,0.101200,0.104300,0.101900,0.103500,0.099000,0.100000,0.100500,0.098100,0.100100,0.101200,0.104700,0.099000,0.099600,0.097900,0.106800,0.099600,0.105900,0.102900,0.107000,0.103500,0.106700,0.108100,0.105900,0.104800,0.108300,0.107000,0.102600,0.098700,0.096800,0.098300,0.098000,0.099400,0.100100,0.100500,0.104000,0.098100,0.102600,0.098600,0.102900,0.098500,0.105200,0.100900,0.101300,0.104200,0.103600,0.107400,0.104300,0.104700,0.107100,0.105800,0.101700,0.099900,0.096700,0.096100,0.097100,0.097600,0.098900,0.099600,0.099900,0.098700,0.099900,0.098600,0.101800,0.097600,0.104000,0.098700,0.101400,0.103900,0.104600,0.109100,0.104100,0.104300,0.111700,0.102700,0.101400
Cycle_9	7652,30.5,0.098300,0.096500,0.093600,0.096600,0.097200,0.097400,0.096800,0.096700,0.094400,0.097700,0.096900,0.102400,0.097100,0.100400,0.098700,0.100800,0.100300,0.102900,0.100800,0.099800,0.101300,0.102300,0.103900,0.102900,0.101000,0.099500,0.098300,0.100000,0.101400,0.100200,0.100200,0.102300,0.098500,0.098700,0.099600,0.106600,0.099200,0.105000,0.102500,0.103300,0.102200,0.104800,0.106800,0.106800,0.103900,0.105500,0.104600,0.103000,0.099800,0.098000,0.096200,0.097100,0.097000,0.098700,0.102000,0.100600,0.098200,0.099600,0.098600,0.105400,0.096500,0.102800,0.101600,0.102600,0.101300,0.101900,0.106100,0.100900,0.102500,0.105600,0.106300,0.101600,0.100900,0.098400,0.096100,0.097600,0.098200,0.100800,0.098700,0.098500,0.097900,0.101100,0.098300,0.104200,0.098300,0.101400,0.100600,0.099800,0.101200,0.103900,0.103600,0.102100,0.100300,0.107000,0.102400,0.100800
Cycle_10	8502,29.9,0.099400,0.098400,0.094300,0.096300,0.096000,0.098700,0.096500,0.097500,0.095800,0.098800,0.097400,0.102100,0.096600,0.100800,0.100400,0.100700,0.099900,0.103000,0.099500,0.099300,0.101400,0.101000,0.106200,0.101400,0.102700,0.100400,0.098000,0.100500,0.101200,0.101100,0.103100,0.101400,0.100200,0.100400,0.100600,0.107000,0.104300,0.107100,0.101800,0.104500,0.099700,0.105900,0.108400,0.105900,0.103900,0.103300,0.105500,0.104400,0.100000,0.097900,0.095600,0.099600,0.099400,0.099400,0.101600,0.101600,0.097300,0.101800,0.098300,0.107300,0.097200,0.106400,0.099900,0.101000,0.102200,0.102400,0.106000,0.101800,0.103800,0.103700,0.105900,0.103600,0.100400,0.097700,0.094500,0.098700,0.097300,0.098400,0.099100,0.099000,0.100100,0.100400,0.099300,0.105700,0.097800,0.102500,0.099400,0.100200,0.102900,0.105300,0.105500,0.102200,0.101700,0.107900,0.103500,0.101600
Cycle_11	9352,30.5,0.100600,0.099600,0.095800,0.098500,0.097400,0.099600,0.099600,0.098100,0.098000,0.097000,0.099700,0.102700,0.098500,0.104100,0.100400,0.103200,0.101500,0.102700,0.104400,0.100600,0.102400,0.102600,0.105300,0.103200,0.102000,0.100800,0.099200,0.102600,0.102000,0.102000,0.103800,0.102700,0.100600,0.099000,0.101800,0.107800,0.102000,0.107200,0.104100,0.108100,0.102900,0.107000,0.110300,0.106800,0.107000,0.109500,0.107600,0.106000,0.099500,0.098100,0.097900,0.099400,0.099800,0.100700,0.100700,0.103000,0.098900,0.101700,0.100300,0.107600,0.098200,0.110000,0.101700,0.103000,0.104600,0.103300,0.108800,0.106500,0.106700,0.108200,0.105000,0.101100,0.100900,0.098500,0.097200,0.099900,0.099100,0.100900,0.100800,0.099700,0.099700,0.100400,0.101300,0.105700,0.097500,0.106900,0.100100,0.102500,0.101700,0.104300,0.107000,0.104400,0.103500,0.110000,0.104800,0.102100
Cycle_12	10202,30.2,0.101700,0.099200,0.094800,0.099200,0.099200,0.100600,0.098800,0.099300,0.096900,0.097900,0.100500,0.103800,0.099800,0.103100,0.100900,0.100400,0.102900,0.103700,0.102100,0.101000,0.103700,0.103300,0.104700,0.102700,0.106400,0.102300,0.099200,0.102800,0.101900,0.104000,0.104600,0.103800,0.101800,0.102200,0.101500,0.109700,0.102100,0.107700,0.104600,0.107100,0.102800,0.106900,0.110300,0.106400,0.105500,0.106600,0.107300,0.107200,0.101600,0.099900,0.098000,0.101800,0.100500,0.101200,0.103900,0.103500,0.100800,0.103600,0.101300,0.108300,0.099000,0.109300,0.102400,0.102300,0.105500,0.103300,0.105600,0.103500,0.103900,0.109800,0.106100,0.104000,0.103700,0.098700,0.096400,0.100200,0.099200,0.101800,0.102300,0.099700,0.101300,0.100800,0.100700,0.106700,0.099000,0.104900,0.100900,0.100900,0.104900,0.104700,0.104500,0.102500,0.103000,0.108400,0.105900,0.104100
Cycle_13	11052,30.3,0.100000,0.098800,0.097200,0.100100,0.101200,0.101400,0.098200,0.098700,0.099300,0.097500,0.100200,0.104800,0.103000,0.101800,0.100000,0.101300,0.102100,0.105400,0.102600,0.102900,0.102100,0.104200,0.105900,0.103600,0.106100,0.103600,0.101100,0.102600,0.103000,0.102800,0.104900,0.103400,0.102100,0.102700,0.104700,0.110000,0.103200,0.108700,0.105200,0.106100,0.103000,0.106800,0.111000,0.108400,0.105700,0.105200,0.108800,0.105700,0.101600,0.100500,0.097500,0.099900,0.101800,0.100500,0.103300,0.103100,0.103100,0.102600,0.099700,0.109700,0.100100,0.107900,0.103400,0.101900,0.103800,0.103700,0.108500,0.104000,0.102700,0.106200,0.107100,0.105000,0.101100,0.100300,0.096800,0.100800,0.100400,0.102300,0.102200,0.100500,0.102000,0.101300,0.102300,0.108600,0.100300,0.102700,0.100200,0.102900,0.104800,0.104100,0.104600,0.104600,0.104900,0.113800,0.107300,0.105200
Cycle_14	11903,29.9,0.101700,0.100400,0.098300,0.098400,0.102800,0.101800,0.099200,0.100900,0.099400,0.099400,0.101800,0.105300,0.100900,0.105500,0.102100,0.102000,0.101900,0.102700,0.104000,0.103600,0.104400,0.104800,0.106900,0.106700,0.104900,0.105500,0.100400,0.103400,0.104300,0.105700,0.104500,0.104000,0.101600,0.101700,0.104200,0.112100,0.103700,0.113100,0.104600,0.108300,0.104000,0.109300,0.113400,0.109400,0.108400,0.107300,0.110000,0.107500,0.103000,0.102600,0.098400,0.101000,0.103700,0.102900,0.104600,0.105700,0.103000,0.103900,0.102100,0.110000,0.101400,0.111400,0.103000,0.104500,0.105100,0.105800,0.110000,0.103200,0.105300,0.110800,0.108100,0.107400,0.102400,0.101000,0.096800,0.100800,0.103700,0.104000,0.102900,0.103200,0.102800,0.103300,0.104100,0.108700,0.100700,0.106300,0.101300,0.103100,0.105500,0.104800,0.106100,0.103300,0.103700,0.112400,0.107300,0.105600
Cycle_15	12753,30.6,0.105400,0.101700,0.099600,0.102000,0.104900,0.104900,0.104600,0.100700,0.103100,0.100800,0.103000,0.110200,0.103500,0.110500,0.105600,0.106700,0.105900,0.108400,0.107600,0.105300,0.106200,0.107400,0.110400,0.108300,0.110300,0.107900,0.102600,0.107700,0.110000,0.109000,0.107700,0.109300,0.108900,0.105900,0.106300,0.115600,0.106400,0.115300,0.108800,0.113300,0.106000,0.111000,0.117500,0.111500,0.112100,0.111300,0.111800,0.110600,0.105900,0.104200,0.101500,0.105000,0.107500,0.106400,0.109300,0.108800,0.106700,0.107600,0.106100,0.116000,0.105000,0.115700,0.106700,0.107700,0.106600,0.108000,0.116800,0.108200,0.109300,0.112500,0.112700,0.109300,0.106500,0.103500,0.100600,0.104500,0.105800,0.107300,0.105900,0.104600,0.107500,0.106400,0.107100,0.112800,0.102600,0.111600,0.103400,0.107400,0.106000,0.108900,0.111100,0.107000,0.108000,0.111300,0.110800,0.108800
Cycle_16	13603,30.3,0.105500,0.102600,0.097700,0.101500,0.105100,0.104300,0.103200,0.103300,0.101400,0.101300,0.103000,0.108200,0.104700,0.105300,0.103300,0.105300,0.105300,0.106100,0.105900,0.106400,0.106200,0.107200,0.110100,0.109300,0.111800,0.109700,0.102300,0.108000,0.111100,0.108700,0.109400,0.108800,0.107900,0.105200,0.107500,0.116100,0.107800,0.109200,0.109000,0.112300,0.105000,0.108900,0.113600,0.111000,0.111400,0.110300,0.111600,0.110400,0.108600,0.106600,0.101800,0.103800,0.108100,0.108300,0.110200,0.109300,0.107200,0.108900,0.108400,0.115700,0.106500,0.109400,0.106000,0.108000,0.108400,0.108400,0.110900,0.108000,0.108500,0.111100,0.112400,0.109100,0.108800,0.105100,0.102400,0.104100,0.106500,0.108000,0.107700,0.105300,0.107400,0.106500,0.107300,0.113100,0.105300,0.107800,0.104300,0.110800,0.108300,0.106600,0.108800,0.107000,0.106600,0.115700,0.110200,0.109800
Cycle_17	14453,30.3,0.108000,0.104000,0.100500,0.102600,0.106800,0.106500,0.104000,0.103600,0.103800,0.103500,0.104100,0.110400,0.105100,0.109100,0.104000,0.108300,0.107500,0.107300,0.108400,0.107800,0.108200,0.109200,0.111900,0.110900,0.116200,0.113100,0.105900,0.109600,0.112600,0.111100,0.113000,0.110700,0.109900,0.108000,0.109500,0.120300,0.110500,0.115200,0.110400,0.114600,0.109200,0.112200,0.115700,0.115300,0.113400,0.111700,0.114300,0.112800,0.111400,0.108200,0.101000,0.106100,0.109900,0.109700,0.111500,0.110700,0.108300,0.108800,0.109200,0.119500,0.107000,0.110400,0.109500,0.108900,0.111500,0.108500,0.114200,0.110500,0.108800,0.113900,0.112900,0.112500,0.108400,0.106900,0.099700,0.103800,0.111500,0.110400,0.109200,0.107100,0.109900,0.108100,0.111000,0.114800,0.106300,0.109600,0.105700,0.108600,0.112300,0.109000,0.109200,0.109200,0.108300,0.117900,0.112700,0.112000
Cycle_18	15293,30.1,0.108500,0.106100,0.099600,0.102500,0.107600,0.109300,0.107200,0.105100,0.106400,0.103900,0.108700,0.112600,0.103800,0.113600,0.107300,0.109500,0.109700,0.108200,0.109700,0.110000,0.109500,0.111700,0.113000,0.110700,0.118600,0.112700,0.105000,0.111000,0.113600,0.113600,0.114200,0.111300,0.112700,0.109200,0.112200,0.121700,0.111300,0.119400,0.113200,0.117300,0.113200,0.115400,0.119000,0.116100,0.115100,0.117700,0.118200,0.117100,0.110500,0.108600,0.103900,0.106500,0.114200,0.110500,0.112600,0.111600,0.110700,0.110600,0.111000,0.120900,0.105800,0.118400,0.111000,0.111600,0.113300,0.109100,0.118200,0.114800,0.111500,0.117800,0.116200,0.111400,0.111300,0.109500,0.103400,0.105900,0.112600,0.112800,0.111600,0.107700,0.111000,0.109200,0.111100,0.116000,0.107600,0.112900,0.108400,0.111700,0.111400,0.109400,0.111400,0.111500,0.110100,0.121500,0.113500,0.111700
Cycle_19	16144,30.3,0.112500,0.108900,0.100400,0.105800,0.112400,0.109700,0.109800,0.107600,0.108300,0.107400,0.111100,0.115800,0.108900,0.109800,0.107800,0.109800,0.109700,0.111000,0.109500,0.109700,0.110500,0.112700,0.114600,0.114500,0.118800,0.117500,0.105700,0.115700,0.118000,0.116300,0.116500,0.114900,0.115200,0.112100,0.115400,0.125300,0.115400,0.114000,0.114900,0.118700,0.111600,0.113700,0.119100,0.118500,0.115300,0.117700,0.119800,0.117600,0.116300,0.111800,0.103900,0.109900,0.114500,0.114900,0.116100,0.117000,0.116000,0.113600,0.114100,0.123600,0.111000,0.114300,0.111700,0.114000,0.113000,0.110100,0.117500,0.115000,0.111600,0.120200,0.118100,0.115000,0.111700,0.111300,0.101900,0.108900,0.116000,0.117800,0.115000,0.111000,0.114700,0.113100,0.114300,0.122700,0.110000,0.111800,0.109500,0.112400,0.113200,0.110800,0.112800,0.112500,0.111900,0.120400,0.120400,0.114600
Cycle_20	16994,30.0,0.112100,0.114000,0.102100,0.106400,0.112400,0.112600,0.112400,0.107900,0.110600,0.106700,0.112400,0.120100,0.110200,0.112300,0.110100,0.112100,0.110600,0.111400,0.111800,0.109600,0.110100,0.115200,0.115500,0.114200,0.123200,0.119500,0.107800,0.118300,0.121600,0.118800,0.120500,0.116800,0.117000,0.113600,0.119400,0.129700,0.116600,0.119200,0.116100,0.122100,0.114700,0.115300,0.118500,0.120000,0.116000,0.119100,0.119500,0.120900,0.115400,0.114000,0.104900,0.110600,0.119800,0.116700,0.120300,0.117200,0.116500,0.116900,0.117200,0.127300,0.111800,0.119000,0.112700,0.114800,0.115900,0.110500,0.116800,0.116700,0.113700,0.120200,0.118300,0.116400,0.115400,0.112900,0.102700,0.110500,0.117100,0.118000,0.115400,0.111600,0.119400,0.113900,0.115900,0.123700,0.111500,0.115100,0.111200,0.111800,0.116500,0.112000,0.114600,0.114600,0.111000,0.121100,0.119900,0.118500
Cycle_21	17844,30.1,0.116900,0.115200,0.102500,0.108500,0.115700,0.116600,0.115100,0.111200,0.113800,0.111000,0.115600,0.121700,0.111800,0.117600,0.111300,0.115500,0.114000,0.114900,0.116100,0.116500,0.113300,0.117800,0.120400,0.119000,0.128000,0.122400,0.110200,0.121200,0.126500,0.124000,0.125600,0.119800,0.123400,0.117900,0.122900,0.134500,0.120100,0.124100,0.120300,0.128400,0.116300,0.118700,0.125500,0.125600,0.120900,0.124800,0.126200,0.123600,0.122400,0.115800,0.108700,0.113100,0.121700,0.120200,0.123500,0.122200,0.121000,0.122300,0.121900,0.132000,0.114800,0.125000,0.118100,0.119300,0.121000,0.115200,0.124900,0.121300,0.118600,0.128000,0.124600,0.118400,0.121700,0.117600,0.105800,0.115300,0.123200,0.121200,0.119700,0.115600,0.123300,0.117400,0.121100,0.128400,0.114200,0.119600,0.113400,0.118000,0.117400,0.115100,0.119600,0.119000,0.118200,0.130100,0.123600,0.122300
Cycle_22	18694,30.0,0.117800,0.117700,0.101700,0.110000,0.116200,0.117500,0.117300,0.111900,0.115700,0.113500,0.119800,0.125300,0.113300,0.115300,0.111500,0.115000,0.113300,0.113200,0.115300,0.113300,0.113400,0.116300,0.121300,0.121900,0.129700,0.126600,0.110300,0.122300,0.127900,0.126300,0.127300,0.123700,0.125100,0.120000,0.125600,0.137500,0.121800,0.125000,0.122500,0.128300,0.118000,0.118000,0.127400,0.127100,0.121600,0.126100,0.125200,0.126800,0.122500,0.119300,0.105800,0.113000,0.123300,0.125300,0.127000,0.122200,0.122500,0.121200,0.121900,0.135100,0.115700,0.119800,0.115600,0.118900,0.119700,0.114200,0.124000,0.119500,0.115700,0.124100,0.125400,0.121100,0.123000,0.119900,0.104600,0.115000,0.124900,0.126400,0.123500,0.116800,0.125100,0.119300,0.123100,0.132100,0.116000,0.120200,0.114400,0.117600,0.117900,0.117100,0.119300,0.120900,0.114800,0.126800,0.123600,0.121800
Cycle_23	19538,30.1,0.120700,0.118300,0.103700,0.113200,0.120000,0.120200,0.120200,0.115100,0.121900,0.116800,0.121000,0.129400,0.115500,0.118100,0.116800,0.116400,0.114600,0.116600,0.117800,0.117700,0.115900,0.120700,0.123400,0.125400,0.132600,0.132800,0.113100,0.127200,0.134400,0.130600,0.132500,0.127100,0.128400,0.123100,0.129700,0.143400,0.125500,0.129100,0.123000,0.129000,0.121200,0.120000,0.130500,0.129900,0.123300,0.128000,0.130000,0.130400,0.124800,0.124700,0.106800,0.117800,0.128300,0.126400,0.130700,0.127300,0.127900,0.124900,0.127700,0.140300,0.118600,0.124700,0.118800,0.121400,0.119700,0.118200,0.127000,0.124100,0.122200,0.129200,0.127000,0.127400,0.128300,0.126600,0.106900,0.118300,0.131500,0.131600,0.128800,0.122100,0.132800,0.123000,0.127100,0.137600,0.119700,0.122800,0.117200,0.123800,0.121600,0.119500,0.123700,0.123200,0.115800,0.132600,0.128400,0.127100
Cycle_24	20389,30.1,0.123300,0.121100,0.106300,0.116600,0.126100,0.125200,0.124600,0.121600,0.124400,0.118900,0.126300,0.134300,0.119600,0.128500,0.117100,0.120300,0.120800,0.121200,0.124600,0.121900,0.121400,0.126700,0.128800,0.126100,0.138700,0.138000,0.114700,0.132300,0.141900,0.139500,0.140700,0.130800,0.134500,0.127700,0.137800,0.151400,0.130400,0.140500,0.130000,0.137000,0.126000,0.123400,0.139600,0.135200,0.132300,0.139800,0.134200,0.135500,0.129900,0.126300,0.109900,0.120100,0.132100,0.131000,0.136900,0.133100,0.133600,0.129200,0.133900,0.149700,0.121800,0.133300,0.127000,0.126000,0.129400,0.119000,0.131400,0.126500,0.122800,0.136700,0.133700,0.129200,0.132100,0.127800,0.111400,0.122900,0.137900,0.135400,0.132100,0.127600,0.135100,0.127600,0.132700,0.141700,0.123600,0.130600,0.120700,0.125300,0.125800,0.121900,0.129000,0.127700,0.121200,0.140700,0.132700,0.132600
Cycle_25	21239,30.2,0.128900,0.127200,0.106800,0.115400,0.130500,0.130300,0.130900,0.125000,0.130600,0.123900,0.130200,0.139900,0.122300,0.130200,0.121100,0.124300,0.120900,0.122100,0.126300,0.125100,0.124300,0.132700,0.136300,0.132900,0.148800,0.144700,0.116800,0.137800,0.148100,0.142900,0.145200,0.137800,0.139900,0.131600,0.142100,0.159400,0.134200,0.146700,0.133300,0.140200,0.130600,0.127700,0.143600,0.141400,0.135200,0.143200,0.142500,0.139700,0.133500,0.129700,0.110900,0.126200,0.138300,0.137100,0.142300,0.138300,0.137100,0.135300,0.138300,0.154200,0.125700,0.138000,0.129800,0.127800,0.126800,0.122700,0.137500,0.133900,0.128400,0.141700,0.136900,0.133900,0.137200,0.135100,0.111500,0.129200,0.143600,0.143100,0.138600,0.130300,0.140100,0.134100,0.138300,0.148900,0.127100,0.140800,0.125000,0.128200,0.131100,0.125400,0.131500,0.132500,0.125300,0.146400,0.138000,0.134900
Cycle_26	22089,30.3,0.130900,0.130900,0.107400,0.121400,0.132900,0.132600,0.135200,0.127500,0.135000,0.127600,0.136000,0.144600,0.124900,0.130200,0.124200,0.125200,0.124800,0.125200,0.128200,0.128200,0.125600,0.133700,0.135800,0.138000,0.152800,0.151500,0.119300,0.142700,0.156200,0.149900,0.151400,0.140600,0.146300,0.137000,0.148200,0.169500,0.141400,0.146300,0.136500,0.145300,0.131300,0.128900,0.144600,0.145100,0.136400,0.143100,0.145800,0.144000,0.134800,0.135300,0.113200,0.126600,0.142700,0.140500,0.151500,0.143200,0.143000,0.140300,0.144300,0.161900,0.129400,0.139300,0.129200,0.131300,0.129300,0.125600,0.138200,0.138000,0.132600,0.144600,0.140500,0.141300,0.143900,0.144900,0.114900,0.133500,0.150900,0.149600,0.144400,0.136000,0.150600,0.138500,0.143900,0.158900,0.132000,0.140700,0.126100,0.132400,0.134100,0.130100,0.135200,0.137700,0.130800,0.150700,0.143700,0.139600
Cycle_27	22939,30.1,0.135300,0.136000,0.110000,0.122900,0.137700,0.138300,0.143000,0.132300,0.143100,0.134600,0.141700,0.152800,0.132300,0.134700,0.127200,0.130400,0.128100,0.127400,0.135300,0.133800,0.131300,0.137100,0.140700,0.143300,0.162000,0.161000,0.124400,0.149200,0.165000,0.160700,0.160100,0.148400,0.157400,0.145400,0.156300,0.179100,0.149700,0.154000,0.142700,0.150200,0.134900,0.134200,0.147400,0.152400,0.142600,0.145500,0.149200,0.153200,0.143100,0.144200,0.113900,0.129600,0.149200,0.146300,0.158700,0.150700,0.152200,0.146600,0.150800,0.170900,0.134900,0.145900,0.134800,0.137400,0.134300,0.129300,0.145200,0.143600,0.135400,0.150000,0.148900,0.145700,0.153100,0.149500,0.115900,0.139300,0.156700,0.158500,0.153300,0.140800,0.158400,0.144900,0.151500,0.169500,0.136100,0.146800,0.131900,0.138500,0.136500,0.136000,0.139200,0.140400,0.135500,0.152300,0.149100,0.148900
Cycle_28	23789,30.3,0.140500,0.142400,0.109200,0.124800,0.143400,0.142400,0.150100,0.137300,0.147700,0.139000,0.148600,0.161000,0.134300,0.137000,0.130700,0.134700,0.131400,0.130300,0.135500,0.136900,0.135500,0.144700,0.147700,0.150100,0.170100,0.171700,0.125500,0.159600,0.174800,0.165900,0.171100,0.156200,0.165600,0.150800,0.166500,0.188400,0.151100,0.156500,0.153400,0.157900,0.139400,0.138300,0.158000,0.156400,0.148400,0.156300,0.156200,0.162700,0.145500,0.148000,0.116700,0.133500,0.155200,0.152300,0.166300,0.156600,0.160000,0.153800,0.157900,0.179400,0.137200,0.147600,0.139100,0.141000,0.137300,0.132300,0.151600,0.148000,0.141700,0.158500,0.151800,0.151500,0.156000,0.157200,0.120900,0.144600,0.168000,0.166700,0.163200,0.149200,0.166100,0.154100,0.159300,0.176600,0.141800,0.150000,0.136000,0.144900,0.141800,0.140900,0.146300,0.145600,0.141000,0.159500,0.156300,0.153900
Cycle_29	24639,30.1,0.143300,0.149000,0.112300,0.127800,0.148300,0.146200,0.155000,0.143200,0.155900,0.144500,0.154400,0.168400,0.137500,0.141100,0.132900,0.137100,0.134200,0.132300,0.140400,0.142700,0.139300,0.149900,0.150200,0.158100,0.178200,0.180900,0.131700,0.168700,0.183600,0.176300,0.178600,0.164000,0.173200,0.161500,0.174700,0.199600,0.159600,0.167200,0.153000,0.164500,0.143500,0.143100,0.164400,0.161600,0.154400,0.161800,0.163600,0.168300,0.151200,0.152700,0.117200,0.137100,0.161300,0.154800,0.175900,0.166400,0.168200,0.163000,0.166700,0.189100,0.142900,0.153900,0.142400,0.146600,0.144800,0.136000,0.155800,0.154200,0.146500,0.164300,0.157800,0.159100,0.168300,0.166200,0.123500,0.150300,0.174900,0.175700,0.173400,0.158100,0.175100,0.160600,0.167700,0.186300,0.148300,0.158000,0.142900,0.149000,0.147700,0.143000,0.149300,0.152700,0.144100,0.168200,0.165200,0.161800
Cycle_30	25490,30.4,0.154100,0.155300,0.113900,0.132200,0.155300,0.154000,0.162700,0.152200,0.165600,0.152400,0.166500,0.180200,0.145400,0.148600,0.139700,0.143200,0.139200,0.138800,0.148900,0.152400,0.146500,0.158400,0.160100,0.164100,0.191600,0.192200,0.137300,0.181100,0.200000,0.190000,0.191400,0.174500,0.185400,0.169400,0.187200,0.216600,0.168900,0.179700,0.162200,0.174600,0.154900,0.150500,0.170500,0.173600,0.164200,0.171600,0.174000,0.181300,0.158000,0.159900,0.120900,0.142700,0.166600,0.164000,0.185800,0.173600,0.178700,0.172200,0.176400,0.204700,0.149200,0.160500,0.149700,0.150900,0.147700,0.142500,0.168900,0.164800,0.152400,0.173500,0.171700,0.170500,0.177500,0.177500,0.128600,0.158900,0.189400,0.185900,0.181900,0.166400,0.186300,0.171900,0.177100,0.199700,0.155800,0.165300,0.149200,0.157000,0.155900,0.149300,0.156900,0.162000,0.150200,0.175500,0.175700,0.171300
Cycle_31	26340,30.5,0.160700,0.160900,0.117500,0.138100,0.160900,0.162200,0.176600,0.159800,0.177300,0.161300,0.175100,0.191200,0.152100,0.156100,0.146800,0.148800,0.144300,0.144600,0.156100,0.158200,0.153200,0.170700,0.171300,0.175300,0.208400,0.207400,0.142400,0.193600,0.215400,0.205400,0.206900,0.188600,0.200400,0.181600,0.200800,0.233000,0.181800,0.189500,0.171900,0.186900,0.161300,0.157700,0.179200,0.183800,0.175300,0.183000,0.184900,0.192800,0.167500,0.167900,0.125700,0.147200,0.179100,0.174900,0.199600,0.188300,0.195700,0.185200,0.193700,0.222200,0.156400,0.174800,0.157600,0.159500,0.159100,0.147700,0.179500,0.175600,0.164200,0.190300,0.182900,0.182100,0.191400,0.189500,0.131400,0.171300,0.205400,0.202700,0.196100,0.178500,0.203400,0.184500,0.193700,0.219200,0.165400,0.176400,0.159300,0.169000,0.165300,0.159300,0.169800,0.172800,0.159600,0.189400,0.188200,0.186500
Cycle_32	27190,30.5,0.170800,0.169400,0.120300,0.143400,0.168400,0.168500,0.190400,0.170900,0.187900,0.171200,0.184600,0.203400,0.160700,0.164900,0.152700,0.158300,0.151800,0.149900,0.164300,0.168200,0.161500,0.177900,0.182300,0.186700,0.224100,0.226100,0.150600,0.208400,0.233500,0.219100,0.225000,0.201100,0.215400,0.195400,0.216400,0.253800,0.196300,0.199000,0.183900,0.200700,0.174200,0.169200,0.191900,0.198700,0.185200,0.194100,0.199300,0.209100,0.178800,0.176100,0.126600,0.152000,0.187100,0.180500,0.214400,0.199100,0.204200,0.194500,0.201300,0.234900,0.163200,0.178600,0.163100,0.168400,0.160100,0.152700,0.188600,0.184400,0.173200,0.197100,0.193600,0.191100,0.202700,0.201300,0.139200,0.182400,0.220300,0.214400,0.208000,0.188700,0.218700,0.197500,0.207100,0.232200,0.175700,0.186200,0.168500,0.177100,0.173600,0.166800,0.179100,0.183300,0.172200,0.202600,0.200500,0.199200
Cycle_33	28040,30.0,0.171700,0.177500,0.122500,0.145400,0.174600,0.174400,0.195800,0.177900,0.196000,0.180700,0.194200,0.213700,0.164100,0.165900,0.154400,0.161200,0.152100,0.151200,0.170700,0.175900,0.167700,0.185500,0.189100,0.196800,0.236700,0.240100,0.155800,0.221900,0.248900,0.233900,0.236300,0.213800,0.228600,0.208400,0.230900,0.270600,0.206200,0.208700,0.191300,0.209000,0.181200,0.174600,0.196100,0.208800,0.195000,0.204700,0.207500,0.219100,0.184200,0.184000,0.128900,0.156200,0.193500,0.187000,0.225700,0.209200,0.214800,0.206900,0.214200,0.246900,0.169800,0.186800,0.166500,0.171400,0.166300,0.157800,0.197500,0.197000,0.180500,0.208400,0.201500,0.203400,0.216500,0.217100,0.141200,0.194400,0.230700,0.232000,0.228200,0.202700,0.233200,0.209500,0.220800,0.248200,0.187100,0.197500,0.176400,0.186500,0.182100,0.174700,0.184100,0.196900,0.179100,0.209700,0.212300,0.209300
Cycle_34	28890,30.0,0.180600,0.185800,0.123900,0.151100,0.183100,0.182600,0.209500,0.190800,0.208500,0.187500,0.210000,0.225700,0.174400,0.174300,0.161700,0.165500,0.157600,0.158100,0.178900,0.187000,0.179400,0.199600,0.202400,0.210400,0.257400,0.261300,0.164400,0.240800,0.270100,0.253600,0.258200,0.228100,0.247800,0.226200,0.251700,0.291800,0.220200,0.224700,0.205600,0.225200,0.190000,0.185200,0.207500,0.224200,0.208300,0.223200,0.224200,0.236700,0.194300,0.198100,0.132800,0.162400,0.204400,0.197700,0.241600,0.224900,0.231200,0.219500,0.229400,0.262900,0.179600,0.192400,0.176600,0.177900,0.170400,0.161000,0.208400,0.212200,0.192600,0.223000,0.217500,0.216500,0.233200,0.236100,0.148800,0.208200,0.255600,0.247800,0.244700,0.218900,0.254200,0.230300,0.240100,0.269400,0.200100,0.213600,0.184600,0.201000,0.194400,0.188700,0.193900,0.210300,0.192700,0.228600,0.228500,0.227300
Cycle_35	29741,30.1,0.195000,0.196100,0.128600,0.154900,0.191500,0.192300,0.223200,0.202000,0.224100,0.200500,0.220900,0.244700,0.184000,0.185300,0.170200,0.175900,0.166800,0.167400,0.192100,0.200200,0.193400,0.215500,0.221300,0.228100,0.281300,0.284000,0.171900,0.260400,0.295500,0.274600,0.278700,0.248500,0.268200,0.241600,0.271300,0.319800,0.239100,0.250800,0.220700,0.244800,0.207700,0.200300,0.223000,0.242500,0.226000,0.237300,0.243100,0.253100,0.205800,0.206600,0.136700,0.168400,0.215900,0.206700,0.260200,0.243300,0.245600,0.236800,0.245600,0.285700,0.189000,0.206200,0.187600,0.186600,0.178900,0.169100,0.222800,0.225600,0.205900,0.240900,0.235000,0.236700,0.251200,0.253500,0.155800,0.224900,0.275200,0.269900,0.260300,0.235900,0.275400,0.242700,0.260600,0.292600,0.213400,0.230200,0.199600,0.212500,0.207800,0.198800,0.208300,0.230500,0.207400,0.242300,0.244500,0.243400
Cycle_36	30591,30.5,0.201700,0.206900,0.131300,0.161600,0.198200,0.200100,0.237900,0.212900,0.237900,0.213300,0.233800,0.256900,0.190100,0.193100,0.175500,0.181900,0.170100,0.169200,0.201200,0.215100,0.203200,0.228800,0.234700,0.242100,0.298900,0.304600,0.181400,0.282200,0.317500,0.294700,0.299600,0.267200,0.287100,0.261300,0.291900,0.344300,0.255100,0.255200,0.235000,0.260200,0.216300,0.208400,0.235000,0.256400,0.240800,0.254900,0.260400,0.275500,0.213000,0.217000,0.139100,0.173400,0.222800,0.215200,0.277000,0.256300,0.262500,0.249400,0.260300,0.300600,0.197800,0.207600,0.191300,0.193800,0.183400,0.174500,0.237700,0.245500,0.217900,0.257300,0.249800,0.254500,0.269200,0.273300,0.165700,0.236900,0.295700,0.290800,0.281900,0.253400,0.295700,0.262100,0.277200,0.315100,0.228600,0.238500,0.210900,0.224700,0.220000,0.214100,0.220900,0.238600,0.219300,0.264500,0.259800,0.262500
Cycle_37	31441,29.9,0.212500,0.217200,0.134500,0.166200,0.211700,0.208100,0.255000,0.225100,0.255000,0.225200,0.249000,0.274000,0.201000,0.199000,0.182900,0.186200,0.177600,0.174800,0.214900,0.226000,0.219700,0.248400,0.253500,0.259500,0.322900,0.332000,0.190600,0.305800,0.343800,0.319700,0.326400,0.288300,0.313800,0.283900,0.317700,0.374700,0.275900,0.275500,0.254600,0.278500,0.231700,0.225400,0.248500,0.278200,0.260500,0.273700,0.281400,0.294500,0.226100,0.230200,0.142500,0.182100,0.235900,0.227100,0.293200,0.274900,0.283200,0.268600,0.279700,0.321500,0.209000,0.223900,0.202100,0.204300,0.193800,0.183900,0.255600,0.260500,0.239400,0.282900,0.272700,0.278900,0.291300,0.295300,0.172300,0.260700,0.320300,0.317300,0.307200,0.273200,0.320100,0.288300,0.307400,0.345900,0.249700,0.258700,0.230400,0.244600,0.239500,0.228900,0.233500,0.261500,0.238900,0.286800,0.284800,0.286600
Cycle_38	32291,30.0,0.223400,0.232900,0.139600,0.169900,0.220600,0.217500,0.272000,0.241900,0.273400,0.240400,0.264800,0.289000,0.213100,0.212100,0.194500,0.194800,0.183600,0.182700,0.225900,0.243000,0.230700,0.266500,0.273700,0.280000,0.349400,0.360900,0.203700,0.331400,0.374100,0.345700,0.354900,0.311800,0.340600,0.306200,0.344600,0.407300,0.299300,0.298300,0.272300,0.303200,0.253500,0.239900,0.265300,0.303500,0.278400,0.295500,0.305800,0.323500,0.237600,0.243900,0.148100,0.187500,0.247500,0.241500,0.314900,0.292300,0.299800,0.286700,0.298100,0.341800,0.219100,0.230200,0.214900,0.210500,0.206400,0.188600,0.269300,0.283100,0.254300,0.304500,0.293400,0.294100,0.314800,0.321700,0.182500,0.282400,0.350300,0.344400,0.335200,0.299400,0.351200,0.314800,0.332100,0.372500,0.267100,0.276500,0.247400,0.263800,0.257500,0.246400,0.249700,0.283400,0.257200,0.309300,0.308800,0.308500
Cycle_39	33141,29.9,0.237700,0.247200,0.141000,0.176400,0.230100,0.228100,0.288100,0.254200,0.287500,0.255400,0.282600,0.310600,0.222300,0.223400,0.203600,0.202400,0.189100,0.188700,0.242100,0.261700,0.249400,0.283300,0.294800,0.303600,0.381700,0.391800,0.215700,0.360800,0.406600,0.377900,0.382300,0.339100,0.370800,0.330000,0.374400,0.441400,0.324100,0.337800,0.291200,0.324200,0.271600,0.260100,0.289000,0.325900,0.300800,0.317200,0.324400,0.347800,0.253900,0.259100,0.152200,0.196800,0.258400,0.250000,0.336400,0.312600,0.319600,0.304900,0.317300,0.363900,0.231300,0.245400,0.226400,0.219900,0.213300,0.195000,0.288200,0.303800,0.270600,0.326200,0.313700,0.322100,0.342900,0.347200,0.195000,0.304600,0.379800,0.372500,0.361200,0.326000,0.379400,0.337600,0.358700,0.404200,0.290300,0.302200,0.264600,0.285300,0.274700,0.263000,0.268600,0.303900,0.276600,0.325600,0.328100,0.333700
Cycle_40	33992,30.4,0.249100,0.264200,0.145900,0.184600,0.240700,0.239600,0.311000,0.271900,0.310600,0.270800,0.303200,0.326200,0.235500,0.234900,0.214100,0.212300,0.198000,0.197200,0.257900,0.281200,0.268000,0.308900,0.320000,0.325100,0.414400,0.425900,0.229900,0.392800,0.440900,0.409000,0.417300,0.367200,0.401900,0.361300,0.407100,0.478900,0.351300,0.355700,0.315900,0.353100,0.293400,0.279800,0.317200,0.353800,0.328000,0.339600,0.351400,0.382300,0.269500,0.276500,0.159300,0.204400,0.271200,0.261800,0.359500,0.333000,0.341600,0.322500,0.336900,0.382300,0.246500,0.260000,0.236500,0.233900,0.222600,0.205000,0.313800,0.330400,0.291700,0.352400,0.340300,0.342000,0.369700,0.374800,0.205600,0.334500,0.411100,0.404100,0.394200,0.352400,0.415000,0.367800,0.389000,0.436800,0.311000,0.317500,0.288700,0.304000,0.300600,0.286000,0.288200,0.329000,0.296400,0.360000,0.356300,0.357400
Cycle_41	34842,29.9,0.266100,0.277700,0.149400,0.192100,0.249200,0.249200,0.328800,0.289400,0.327600,0.287000,0.320200,0.347500,0.249200,0.249500,0.225700,0.221300,0.208000,0.207100,0.276400,0.303200,0.286400,0.331500,0.343200,0.351600,0.446500,0.460100,0.246900,0.428600,0.475700,0.441900,0.453100,0.399000,0.434600,0.392500,0.443100,0.517600,0.382500,0.382000,0.343300,0.379600,0.312600,0.300400,0.326600,0.377800,0.351400,0.368500,0.385300,0.407200,0.286100,0.296000,0.164800,0.211400,0.284800,0.276300,0.382800,0.352800,0.364100,0.343000,0.357200,0.405300,0.261500,0.274600,0.252000,0.243300,0.228400,0.212300,0.332900,0.350800,0.315500,0.378600,0.365300,0.373800,0.404500,0.406500,0.217200,0.361100,0.448100,0.439000,0.426300,0.379900,0.447500,0.401600,0.421700,0.473600,0.335400,0.351700,0.309500,0.330200,0.323300,0.307500,0.310800,0.352800,0.320200,0.385000,0.385900,0.388600
Cycle_42	35692,30.0,0.286600,0.297700,0.155800,0.197700,0.265100,0.263700,0.352200,0.308200,0.350500,0.303100,0.339000,0.370000,0.263600,0.267100,0.235500,0.233500,0.217600,0.212300,0.302600,0.331800,0.312500,0.361100,0.374600,0.382500,0.487400,0.500600,0.265800,0.466900,0.516300,0.478800,0.488900,0.431500,0.470200,0.427200,0.477600,0.555100,0.416200,0.415800,0.373300,0.414600,0.344000,0.325800,0.356000,0.413000,0.380700,0.401900,0.416000,0.445800,0.306100,0.315500,0.169200,0.220600,0.302800,0.289200,0.405400,0.377400,0.389300,0.364800,0.384300,0.434800,0.277900,0.291900,0.266600,0.254000,0.241900,0.222000,0.357400,0.382800,0.343500,0.411800,0.401600,0.406900,0.436100,0.440400,0.231800,0.390700,0.483400,0.475000,0.461700,0.413700,0.486100,0.434300,0.460200,0.512900,0.365500,0.377800,0.335700,0.357000,0.345900,0.333400,0.330400,0.381700,0.350900,0.420700,0.421000,0.422400
Cycle_43	36542,30.0,0.300400,0.320700,0.161300,0.206400,0.277900,0.276200,0.373800,0.327900,0.372800,0.320400,0.358900,0.388000,0.283100,0.280500,0.253700,0.246400,0.228200,0.220800,0.320500,0.357000,0.336200,0.392300,0.403600,0.415800,0.528400,0.539500,0.283200,0.502400,0.558900,0.515800,0.529200,0.470700,0.510200,0.461400,0.520600,0.602100,0.448800,0.445000,0.404900,0.449300,0.368300,0.353300,0.386000,0.447600,0.418500,0.437100,0.449300,0.481200,0.324200,0.336300,0.173900,0.229000,0.316300,0.305200,0.432000,0.401300,0.416500,0.386000,0.404000,0.459500,0.295000,0.310200,0.282700,0.268000,0.252800,0.232200,0.395000,0.415400,0.373400,0.445800,0.430900,0.440000,0.473500,0.481100,0.248900,0.424200,0.522800,0.515200,0.497300,0.451800,0.525100,0.471400,0.498200,0.553700,0.394800,0.414500,0.365600,0.388400,0.376400,0.362800,0.363500,0.419500,0.382800,0.454000,0.453100,0.460700
Cycle_44	37392,30.2,0.321900,0.341800,0.167000,0.215600,0.292800,0.291400,0.395400,0.349400,0.396200,0.340700,0.382700,0.410300,0.298000,0.300300,0.264400,0.251300,0.236500,0.234100,0.343700,0.383700,0.362800,0.421300,0.431900,0.444100,0.565700,0.583700,0.303900,0.543400,0.603300,0.560200,0.571600,0.507700,0.550100,0.500600,0.559200,0.643100,0.483900,0.488500,0.434500,0.480100,0.400000,0.380200,0.407600,0.476800,0.447200,0.466500,0.483100,0.517700,0.341800,0.360200,0.183400,0.239200,0.334800,0.321200,0.463600,0.429100,0.443100,0.412600,0.431600,0.488000,0.317400,0.334400,0.301200,0.279300,0.264600,0.244800,0.421700,0.452600,0.404000,0.484300,0.468300,0.482400,0.510500,0.518400,0.266100,0.463500,0.566000,0.556800,0.545900,0.493900,0.572900,0.516800,0.543200,0.598300,0.426900,0.446800,0.397500,0.420400,0.411400,0.391600,0.386700,0.454800,0.415900,0.489300,0.488600,0.501800
Cycle_45	38243,30.3,0.341000,0.362600,0.173100,0.223200,0.307400,0.303600,0.418100,0.369900,0.419500,0.357400,0.405100,0.432300,0.315800,0.316700,0.283000,0.264200,0.245700,0.237300,0.369000,0.414600,0.389800,0.454600,0.466500,0.482200,0.606400,0.624500,0.326100,0.588300,0.647200,0.599900,0.611900,0.545800,0.590900,0.541500,0.603700,0.688300,0.523300,0.522300,0.470400,0.522900,0.430900,0.411900,0.457200,0.517200,0.486200,0.503400,0.520200,0.559700,0.367800,0.381700,0.191000,0.249200,0.349000,0.332600,0.485200,0.452400,0.463800,0.425500,0.447800,0.498300,0.333900,0.355000,0.316300,0.288700,0.271800,0.248300,0.445900,0.484800,0.429300,0.515300,0.499200,0.508600,0.550200,0.553900,0.282100,0.497700,0.604800,0.595100,0.581800,0.526700,0.613400,0.549000,0.579800,0.637400,0.460300,0.486400,0.425900,0.451600,0.437100,0.417200,0.422200,0.486000,0.443900,0.519100,0.523400,0.534200
Cycle_46	39093,30.3,0.366200,0.389200,0.180600,0.234400,0.320200,0.319800,0.445000,0.394500,0.449200,0.377600,0.428500,0.456400,0.341400,0.344000,0.299500,0.276800,0.256500,0.248400,0.401100,0.449100,0.418900,0.493300,0.506800,0.524400,0.653000,0.674000,0.348300,0.633200,0.693100,0.645200,0.659800,0.588300,0.639400,0.583900,0.648000,0.738800,0.567100,0.565400,0.509300,0.562800,0.469400,0.447500,0.479700,0.556900,0.525700,0.544400,0.564500,0.599300,0.391400,0.407000,0.196100,0.259200,0.368700,0.350200,0.511400,0.475000,0.488500,0.444800,0.470500,0.527400,0.356300,0.374200,0.338900,0.298900,0.288500,0.261700,0.478500,0.514900,0.461800,0.547700,0.536400,0.546100,0.588800,0.598300,0.301900,0.537400,0.649200,0.639000,0.625900,0.565800,0.654100,0.595100,0.619600,0.677300,0.498200,0.515600,0.459800,0.489400,0.467600,0.454200,0.449400,0.521000,0.478800,0.553800,0.561000,0.571400
Cycle_47	39943,30.3,0.391400,0.415600,0.189200,0.242800,0.337000,0.333000,0.472800,0.416900,0.474000,0.399100,0.452600,0.478600,0.363900,0.359900,0.319300,0.288200,0.266900,0.259600,0.430800,0.483300,0.457300,0.535500,0.547300,0.562300,0.700200,0.719500,0.377100,0.680700,0.741800,0.692100,0.706300,0.635900,0.683200,0.630600,0.698200,0.788900,0.608900,0.603100,0.549000,0.602800,0.507300,0.485400,0.520700,0.597500,0.559600,0.584700,0.604500,0.647300,0.417300,0.435400,0.210000,0.271700,0.383900,0.368300,0.543000,0.503200,0.521000,0.475800,0.499800,0.557300,0.380900,0.396400,0.359800,0.317200,0.296600,0.272500,0.518200,0.557000,0.499600,0.597500,0.585000,0.595900,0.637100,0.644300,0.329600,0.580600,0.700300,0.690900,0.672000,0.615800,0.706100,0.643300,0.672300,0.730400,0.541400,0.557600,0.506600,0.535700,0.505800,0.497300,0.489700,0.569100,0.519100,0.599100,0.608700,0.622400
Cycle_48	40793,30.4,0.423300,0.448000,0.200400,0.255800,0.355200,0.354900,0.504300,0.445300,0.506900,0.421300,0.474300,0.504500,0.395600,0.384600,0.346200,0.306000,0.288100,0.274800,0.466300,0.526800,0.498600,0.577700,0.596400,0.611100,0.752500,0.771300,0.409400,0.732700,0.795500,0.744200,0.757600,0.684400,0.733600,0.680500,0.748200,0.838700,0.662100,0.650400,0.598900,0.654500,0.550500,0.529900,0.571000,0.645900,0.610300,0.628100,0.651700,0.699200,0.450700,0.467600,0.217700,0.286400,0.404200,0.389700,0.573600,0.534800,0.550700,0.495800,0.527000,0.580800,0.409100,0.426100,0.387600,0.337000,0.316200,0.292800,0.555800,0.602000,0.540400,0.642300,0.623900,0.638800,0.682400,0.688500,0.350400,0.624000,0.748000,0.739000,0.724200,0.659700,0.754800,0.689900,0.718100,0.780400,0.582700,0.600700,0.543500,0.571200,0.550000,0.536000,0.530800,0.610000,0.563100,0.646800,0.653300,0.666600
Cycle_49	41643,30.3,0.447000,0.477000,0.209900,0.264200,0.369700,0.364000,0.529500,0.466800,0.526200,0.436800,0.495600,0.521100,0.414700,0.411000,0.364700,0.319200,0.291900,0.285600,0.496500,0.563100,0.527800,0.613600,0.629500,0.647000,0.799300,0.816300,0.437100,0.778500,0.840200,0.787800,0.803500,0.727600,0.780000,0.725300,0.794600,0.884400,0.703100,0.697200,0.639400,0.700100,0.589200,0.562600,0.605700,0.687700,0.650500,0.670800,0.693600,0.743300,0.471500,0.491600,0.226100,0.296400,0.419400,0.403400,0.598400,0.558900,0.575300,0.517600,0.543900,0.602400,0.434400,0.448700,0.410000,0.347100,0.325200,0.295600,0.597400,0.641700,0.573200,0.677600,0.659100,0.679600,0.729000,0.736400,0.379600,0.670000,0.792700,0.783300,0.764700,0.704800,0.799900,0.736900,0.765100,0.821000,0.622100,0.641400,0.587100,0.611500,0.591600,0.572200,0.584800,0.651300,0.600000,0.690200,0.693500,0.706100
Cycle_50	42494,30.2,0.474600,0.502500,0.218900,0.272600,0.386800,0.385300,0.555300,0.492400,0.551500,0.456800,0.516800,0.545400,0.441700,0.434800,0.387000,0.331000,0.304800,0.294700,0.530600,0.604000,0.569200,0.656700,0.681100,0.697200,0.848200,0.867200,0.468800,0.825800,0.888000,0.837900,0.848400,0.772100,0.828100,0.770500,0.841500,0.926800,0.748500,0.736800,0.683000,0.745700,0.631000,0.606200,0.659200,0.735700,0.696300,0.719600,0.742000,0.790600,0.504000,0.528100,0.241100,0.311700,0.441400,0.424100,0.629800,0.590500,0.604900,0.538000,0.570800,0.626700,0.457400,0.477900,0.432900,0.360800,0.338600,0.308500,0.649400,0.687400,0.616000,0.726700,0.713200,0.726400,0.773600,0.780500,0.407000,0.716200,0.840500,0.827300,0.814900,0.752700,0.851300,0.783100,0.816800,0.870000,0.667500,0.692900,0.626600,0.652800,0.626400,0.613300,0.623000,0.693500,0.647000,0.733300,0.741200,0.757500
Cycle_51	43344,30.3,0.501100,0.539000,0.229200,0.286900,0.403100,0.399300,0.585500,0.520400,0.579900,0.477200,0.542600,0.568900,0.468000,0.463400,0.411600,0.341900,0.316500,0.306900,0.573900,0.644500,0.606800,0.705400,0.724600,0.741600,0.890100,0.912700,0.504400,0.873400,0.930800,0.882000,0.895300,0.822600,0.872000,0.820800,0.889100,0.976400,0.797900,0.785000,0.727000,0.786100,0.674200,0.650200,0.692800,0.782400,0.740800,0.763200,0.791500,0.836900,0.534800,0.557300,0.250800,0.322500,0.458700,0.437800,0.655300,0.613400,0.632300,0.564400,0.598100,0.651600,0.490900,0.505800,0.461100,0.375100,0.346900,0.326600,0.690500,0.736000,0.659300,0.775300,0.763000,0.777500,0.823000,0.832200,0.440100,0.765500,0.889900,0.877400,0.861500,0.802900,0.897200,0.839500,0.865400,0.921200,0.716600,0.734100,0.678500,0.705400,0.673200,0.662800,0.669000,0.749100,0.692600,0.785600,0.792900,0.810300
Cycle_52	44196,30.3,0.536900,0.571300,0.242500,0.299200,0.421300,0.417900,0.612700,0.546200,0.613300,0.499400,0.570400,0.593300,0.501700,0.492900,0.440700,0.360200,0.332500,0.320800,0.615000,0.690500,0.649400,0.755000,0.777600,0.790200,0.934500,0.957200,0.539200,0.921600,0.976000,0.929600,0.938900,0.869800,0.920300,0.869000,0.936600,1.011900,0.845800,0.835700,0.776000,0.837200,0.723200,0.698500,0.749900,0.826100,0.791300,0.812200,0.839300,0.889200,0.563300,0.591300,0.265700,0.337700,0.481500,0.459400,0.687100,0.645000,0.664600,0.588500,0.622500,0.675900,0.516900,0.538400,0.488300,0.394300,0.366100,0.338000,0.738800,0.784300,0.702500,0.826900,0.814300,0.828300,0.866700,0.877200,0.474400,0.815000,0.932500,0.921600,0.908600,0.854400,0.947500,0.890500,0.912200,0.964200,0.763200,0.781800,0.730500,0.752500,0.722800,0.712000,0.712400,0.795200,0.744400,0.835800,0.839700,0.858800
Cycle_53	45046,30.3,0.575500,0.611700,0.261600,0.316900,0.444200,0.440800,0.643500,0.577400,0.643300,0.522200,0.595000,0.618000,0.539200,0.527100,0.476600,0.382000,0.352700,0.341500,0.677200,0.742800,0.697800,0.806700,0.823200,0.843700,0.983900,0.994400,0.577200,0.971000,1.005700,0.972800,0.984400,0.917600,0.967100,0.917200,0.982900,1.023600,0.898100,0.892600,0.835300,0.893300,0.772000,0.751300,0.811400,0.883500,0.841300,0.865800,0.889700,0.936100,0.608000,0.631800,0.280600,0.356900,0.503300,0.484300,0.719800,0.679800,0.699000,0.611600,0.647200,0.702500,0.557600,0.578600,0.532000,0.423400,0.387500,0.357000,0.789500,0.828500,0.748500,0.872400,0.855600,0.874000,0.919300,0.926100,0.509900,0.864100,0.971200,0.968000,0.952100,0.899300,0.980300,0.931100,0.953100,0.995500,0.810800,0.834700,0.780900,0.806600,0.768700,0.760700,0.763500,0.839900,0.791300,0.881600,0.883900,0.905500
Cycle_54	45896,30.3,0.603400,0.644900,0.273900,0.324300,0.458600,0.456600,0.670800,0.601000,0.670900,0.536600,0.617100,0.634100,0.564000,0.559200,0.500400,0.392500,0.362800,0.349800,0.703500,0.780700,0.732700,0.848400,0.870000,0.886300,1.000900,1.004300,0.613000,1.000900,1.008400,0.995400,1.006300,0.958600,1.004400,0.961000,1.013000,1.025000,0.937100,0.929900,0.872600,0.931200,0.817700,0.795300,0.850900,0.921100,0.885800,0.909300,0.933300,0.980100,0.635100,0.668300,0.293100,0.368200,0.518700,0.500800,0.748300,0.702500,0.720700,0.628900,0.667500,0.723600,0.584000,0.607300,0.551300,0.429000,0.395300,0.365100,0.830600,0.866000,0.785600,0.911300,0.897200,0.917400,0.956200,0.960900,0.538300,0.905900,0.979300,0.980200,0.975500,0.940800,0.989900,0.971100,0.985200,0.998200,0.851400,0.875900,0.828900,0.846500,0.809800,0.798900,0.801500,0.881600,0.830400,0.921600,0.924700,0.943300
Cycle_55	46746,30.4,0.642200,0.683800,0.287900,0.337000,0.481400,0.474700,0.695400,0.627700,0.695500,0.556400,0.637700,0.656100,0.601300,0.587700,0.530600,0.411000,0.373500,0.362300,0.760900,0.829600,0.780100,0.895700,0.919000,0.935100,1.007400,1.011800,0.656400,1.010600,1.013600,1.005200,1.011700,0.995500,1.017200,0.999700,1.021300,1.031600,0.981700,0.970600,0.922900,0.980000,0.865700,0.838800,0.890300,0.967800,0.928900,0.950600,0.981100,1.015900,0.675700,0.706300,0.313400,0.380600,0.545300,0.523100,0.773900,0.732000,0.754400,0.651100,0.694900,0.748000,0.620900,0.633000,0.586000,0.449400,0.417700,0.381300,0.880500,0.911600,0.839000,0.963900,0.952100,0.965100,0.977800,0.971700,0.579400,0.953200,0.986100,0.986100,0.988100,0.975100,0.997800,0.994500,1.001200,1.007900,0.899200,0.914200,0.873100,0.892400,0.859900,0.847400,0.858800,0.927400,0.878700,0.966900,0.968400,0.985500
Cycle_56	47597,30.5,0.689400,0.730000,0.307700,0.357600,0.504100,0.501700,0.731400,0.659600,0.732900,0.583000,0.664800,0.683800,0.644600,0.632700,0.573800,0.434100,0.400600,0.383300,0.815800,0.882900,0.834400,0.944700,0.967300,0.981900,1.020600,1.019500,0.706900,1.025400,1.024400,1.016900,1.022900,1.017900,1.029200,1.022200,1.032800,1.042500,1.010100,1.011400,0.976300,1.018900,0.918500,0.895800,0.941400,1.012000,0.979700,1.000700,1.019000,1.030100,0.720000,0.747800,0.334800,0.402100,0.568900,0.545500,0.807900,0.769300,0.784400,0.677500,0.718800,0.777100,0.660900,0.678600,0.627000,0.468600,0.436200,0.400700,0.916500,0.957700,0.876500,0.991800,0.985600,0.995700,0.989700,0.980700,0.618900,0.976900,0.994800,0.990700,0.996600,0.987700,1.006200,1.005600,1.006900,1.014800,0.945200,0.968900,0.925800,0.936900,0.910400,0.900300,0.909700,0.969600,0.927900,0.998900,0.999900,0.999200
Cycle_57	48447,30.3,0.712500,0.757300,0.315700,0.364500,0.518400,0.513100,0.751300,0.684500,0.752400,0.597200,0.684500,0.698300,0.668300,0.653800,0.597100,0.440700,0.408600,0.390400,0.847400,0.914400,0.864600,0.980500,1.002400,1.004500,1.016000,1.018900,0.739900,1.022500,1.024000,1.014200,1.022900,1.015800,1.027600,1.024900,1.032800,1.038800,1.005900,1.012300,1.002200,1.016900,0.956400,0.933300,0.943200,1.015000,1.003700,1.012300,1.023100,1.029100,0.750100,0.781900,0.350700,0.415600,0.584800,0.563200,0.830400,0.787900,0.811800,0.694500,0.743500,0.794400,0.687100,0.702700,0.654400,0.479300,0.453000,0.412200,0.938000,0.987000,0.918600,1.004500,1.007300,1.007000,0.992000,0.988000,0.659400,0.984300,0.999300,0.997400,1.001700,0.994800,1.011500,1.012300,1.015300,1.023800,0.974100,0.985300,0.968800,0.968600,0.949600,0.945100,0.926400,0.983300,0.971100,1.005900,1.009200,1.008500
Cycle_58	49297,30.0,0.765100,0.802800,0.347000,0.388900,0.546700,0.540400,0.789800,0.716600,0.786400,0.618100,0.710000,0.724800,0.719400,0.706300,0.643900,0.469100,0.433000,0.416800,0.903900,0.970400,0.915500,1.015000,1.027200,1.017800,1.030500,1.027600,0.789200,1.035400,1.032800,1.023900,1.033000,1.026800,1.037600,1.032400,1.041400,1.047800,1.024200,1.027400,1.027900,1.034000,1.008900,0.985100,0.974500,1.029300,1.020800,1.025500,1.034700,1.038000,0.791700,0.822600,0.374600,0.435200,0.611500,0.588800,0.861200,0.825000,0.839600,0.718600,0.765500,0.819200,0.732300,0.745700,0.696500,0.510800,0.475800,0.431400,0.940000,0.995500,0.957900,1.009800,1.009400,1.008100,0.999900,0.992400,0.702600,0.991800,1.004300,1.002100,1.008300,1.001700,1.012500,1.016900,1.016300,1.021700,0.982700,0.987300,0.988900,0.982400,0.990700,0.974300,0.932800,0.990300,0.987900,1.014500,1.009800,1.009500
Cycle_59	50147,29.9,0.791400,0.835100,0.365400,0.399500,0.559600,0.555100,0.808400,0.741300,0.806900,0.636900,0.726300,0.738800,0.743000,0.730600,0.668000,0.479800,0.440300,0.420200,0.928100,0.990100,0.943600,1.013700,1.025600,1.015500,1.030500,1.029100,0.821800,1.031100,1.033700,1.026500,1.032700,1.026600,1.039200,1.037900,1.044100,1.046300,1.020000,1.026400,1.022900,1.028200,1.012400,1.005400,0.959300,1.026500,1.018900,1.022200,1.033900,1.039600,0.823800,0.857800,0.396700,0.454900,0.633900,0.611200,0.890400,0.853500,0.870500,0.741500,0.791200,0.844200,0.769200,0.786300,0.731600,0.528200,0.490300,0.452500,0.951400,1.006100,0.981000,1.021100,1.021100,1.021600,1.008300,0.999900,0.747000,1.001600,1.011400,1.013200,1.015300,1.011300,1.027000,1.032000,1.029900,1.034100,0.985000,0.992300,0.996400,0.991900,0.999700,0.994700,0.940500,1.002900,1.002400,1.025800,1.026200,1.026700
Cycle_60	50997,30.2,0.829300,0.874100,0.385600,0.414400,0.580700,0.576800,0.839200,0.765700,0.834400,0.652800,0.749700,0.758900,0.781300,0.766000,0.705400,0.500800,0.459700,0.437300,0.948000,1.009100,0.984200,1.019600,1.033200,1.023000,1.029700,1.030300,0.857200,1.036600,1.032200,1.026700,1.033900,1.030200,1.044000,1.041900,1.046600,1.048900,1.027300,1.029400,1.031400,1.038800,1.024400,1.016200,0.964700,1.035700,1.026800,1.031100,1.039500,1.041800,0.861500,0.892000,0.416400,0.466900,0.655700,0.632400,0.902500,0.870100,0.883400,0.750800,0.800400,0.849400,0.800000,0.816300,0.763500,0.544200,0.504400,0.464000,0.952200,1.007700,0.984800,1.016400,1.018200,1.015100,1.008100,0.998900,0.783300,0.997100,1.008100,1.009900,1.009600,1.007900,1.022300,1.028700,1.024300,1.027400,0.990700,0.995000,0.997200,0.991200,0.999200,0.990300,0.938200,0.999100,0.995800,1.024000,1.017000,1.021600
Cycle_61	51848,30.4,0.870500,0.907900,0.410000,0.432200,0.603200,0.595500,0.863800,0.795200,0.864900,0.669800,0.769600,0.776700,0.821600,0.805500,0.745000,0.520600,0.474900,0.458600,0.958000,1.018200,0.997800,1.022100,1.034400,1.027600,1.033900,1.032400,0.880600,1.040000,1.032400,1.025800,1.034600,1.034300,1.043700,1.041100,1.050600,1.049700,1.026000,1.033900,1.035200,1.041000,1.027100,1.020700,0.970200,1.039600,1.027200,1.031000,1.043900,1.044400,0.896000,0.916700,0.444300,0.487400,0.672800,0.649500,0.921700,0.894800,0.908300,0.769300,0.822700,0.865800,0.836300,0.849000,0.799500,0.561000,0.523700,0.478800,0.959100,1.012200,0.990700,1.022700,1.023300,1.020100,1.009100,1.001300,0.816700,1.002300,1.009200,1.006600,1.009700,1.009000,1.021400,1.029800,1.030100,1.031900,1.000900,1.001900,1.004700,0.996400,1.002700,0.993900,0.942600,0.999200,1.000700,1.026300,1.022200,1.022000
Cycle_62	52688,30.1,0.907000,0.937000,0.433900,0.446700,0.621600,0.619200,0.885100,0.820300,0.882500,0.689100,0.787700,0.794500,0.857200,0.845300,0.783200,0.540000,0.499100,0.474400,0.965100,1.022100,1.007900,1.029000,1.042600,1.028100,1.036100,1.033000,0.886500,1.038600,1.036500,1.028700,1.036600,1.032800,1.045300,1.045000,1.054100,1.052700,1.031500,1.035300,1.044500,1.044600,1.036300,1.031900,0.975800,1.043200,1.033900,1.036000,1.046400,1.050500,0.921200,0.924800,0.468400,0.498700,0.693100,0.672600,0.927500,0.917300,0.922600,0.788900,0.842800,0.884700,0.864600,0.881200,0.831100,0.581400,0.541000,0.493900,0.960100,1.018400,0.997200,1.030900,1.030500,1.025600,1.005900,1.000700,0.837700,1.001000,1.010800,1.006900,1.014300,1.010600,1.021600,1.031800,1.029300,1.033000,1.002900,1.005700,1.012100,1.002400,1.007400,0.998300,0.950500,1.005700,1.009100,1.030600,1.025600,1.027400
Cycle_63	53539,30.5,0.941900,0.950900,0.459100,0.466300,0.649800,0.644300,0.914000,0.851000,0.908300,0.708000,0.810700,0.817400,0.898300,0.884300,0.824400,0.560500,0.520900,0.496300,0.976900,1.033000,1.017800,1.034500,1.049100,1.039300,1.041400,1.036100,0.896100,1.045400,1.040400,1.035100,1.041600,1.039300,1.050400,1.049000,1.058800,1.055200,1.035100,1.042900,1.045300,1.049000,1.041800,1.038300,0.981700,1.047200,1.040400,1.041200,1.051000,1.053500,0.938800,0.940700,0.497000,0.524300,0.725500,0.698900,0.933800,0.932400,0.930300,0.805500,0.858200,0.895300,0.902400,0.916600,0.872800,0.605900,0.564500,0.517500,0.968500,1.022000,1.004700,1.028900,1.032400,1.028700,1.013800,1.002700,0.849900,1.009600,1.015800,1.013700,1.019600,1.015900,1.029200,1.036600,1.034100,1.034800,1.010800,1.011100,1.019300,1.010700,1.018100,1.006400,0.955200,1.013500,1.015900,1.034600,1.029100,1.032300
Cycle_64	54389,30.0,0.954200,0.955000,0.480700,0.481900,0.664100,0.657000,0.928700,0.871700,0.927700,0.720300,0.827800,0.828900,0.919300,0.912600,0.854900,0.572900,0.530600,0.506100,0.975600,1.030100,1.016400,1.037500,1.046800,1.040600,1.038700,1.036400,0.895300,1.043500,1.036900,1.029300,1.041300,1.038900,1.048100,1.048700,1.062600,1.055400,1.032100,1.041300,1.044300,1.047000,1.041800,1.040800,0.971700,1.046200,1.036400,1.041800,1.051100,1.055500,0.939300,0.942500,0.522700,0.540700,0.739600,0.713700,0.934800,0.936800,0.933500,0.820000,0.872600,0.906000,0.921200,0.942000,0.903000,0.620300,0.580000,0.530300,0.970100,1.021800,1.004800,1.030700,1.033000,1.030700,1.015600,1.006500,0.854800,1.013200,1.017800,1.013500,1.017400,1.017900,1.027800,1.036800,1.035300,1.035000,1.007300,1.010300,1.023000,1.010700,1.017400,1.007200,0.951800,1.010000,1.016300,1.040400,1.029500,1.031200
Cycle_65	55239,29.9,0.972700,0.967900,0.518200,0.504500,0.696800,0.685700,0.944200,0.901400,0.942800,0.744500,0.849400,0.853700,0.954200,0.955700,0.897900,0.605100,0.558800,0.533800,0.996500,1.043100,1.026500,1.046000,1.055500,1.048100,1.044900,1.042700,0.906600,1.052100,1.047500,1.039600,1.048100,1.043900,1.057300,1.054700,1.070500,1.063300,1.043600,1.049800,1.057100,1.060000,1.054400,1.049900,0.998800,1.053200,1.047400,1.048700,1.058500,1.059200,0.959400,0.954000,0.559400,0.564200,0.764600,0.744400,0.952700,0.951600,0.949200,0.844600,0.900900,0.919200,0.938900,0.960500,0.938600,0.651400,0.611700,0.558800,0.982900,1.028700,1.017200,1.039300,1.042600,1.039800,1.025300,1.014700,0.874300,1.017900,1.024700,1.023700,1.026100,1.024500,1.039600,1.046300,1.045000,1.045900,1.016600,1.022300,1.036300,1.024900,1.029600,1.022100,0.966800,1.023400,1.030800,1.044300,1.039700,1.041800
Cycle_66	56079,30.1,0.966300,0.968200,0.537500,0.515700,0.710300,0.699900,0.944400,0.912700,0.943000,0.752200,0.860400,0.862700,0.950400,0.957300,0.919900,0.613400,0.567200,0.542300,0.982800,1.034600,1.022800,1.037900,1.051800,1.039500,1.038900,1.044000,0.901500,1.045400,1.040400,1.035100,1.042800,1.040700,1.051900,1.052200,1.073300,1.057600,1.035100,1.041500,1.050800,1.052200,1.049800,1.044300,0.991400,1.048800,1.043200,1.046200,1.051100,1.056100,0.955700,0.956200,0.586400,0.582600,0.781600,0.757000,0.945700,0.952000,0.944600,0.849700,0.900100,0.919800,0.937800,0.956700,0.945400,0.662400,0.622100,0.569800,0.971800,1.028300,1.013500,1.036200,1.035200,1.031400,1.021100,1.013600,0.867000,1.016600,1.022600,1.023600,1.025700,1.026900,1.038800,1.047500,1.040400,1.043200,1.015300,1.022300,1.037000,1.022500,1.027100,1.017300,0.962200,1.020600,1.029300,1.043900,1.035300,1.039600
Exp_StopDate	2018-07-10
Exp_StopTime	10:15:16
