Version	2.0
User_Name	Justin
Reader_Name	T7
Reader_Type	GENios
Serial_Num	12901500174
Plate_Size	96
Exp_Name	180521_Adam_Mia_4
Comments	Fourth Tecan

Measurement mode	Absorbance
Measurement wavelength	595	nm
Number of flashes	1
Plate definition file	96-well_NUN96ft.pdf
Number of kinetic cycles	1
Kinetic interval (Minimal)		s
Shake duration (Orbital High)	800	s
Shake duration between cycles (Orbital High)	800	s
Exp_StartDate	2018-05-21
Exp_StartTime	18:46:32
Cycle_Header	Secs,Temp,A1,A2,A3,A4,A5,A6,A7,A8,A9,A10,A11,A12,B1,B2,B3,B4,B5,B6,B7,B8,B9,B10,B11,B12,C1,C2,C3,C4,C5,C6,C7,C8,C9,C10,C11,C12,D1,D2,D3,D4,D5,D6,D7,D8,D9,D10,D11,D12,E1,E2,E3,E4,E5,E6,E7,E8,E9,E10,E11,E12,F1,F2,F3,F4,F5,F6,F7,F8,F9,F10,F11,F12,G1,G2,G3,G4,G5,G6,G7,G8,G9,G10,G11,G12,H1,H2,H3,H4,H5,H6,H7,H8,H9,H10,H11,H12
Cycle_1	850,29.9,0.093800,0.088600,0.085200,0.087300,0.093100,0.089000,0.087100,0.086700,0.085700,0.084600,0.084700,0.089600,0.088200,0.092500,0.084300,0.088700,0.085900,0.084800,0.094800,0.086500,0.086500,0.085200,0.086500,0.112600,0.091800,0.086900,0.088100,0.088800,0.084000,0.087500,0.086100,0.085800,0.087500,0.086400,0.088500,0.088200,0.083100,0.091400,0.089300,0.084100,0.085100,0.084000,0.093200,0.085800,0.090600,0.084000,0.087400,0.089400,0.091600,0.087900,0.084500,0.088100,0.094000,0.087300,0.086300,0.085300,0.086100,0.084400,0.086600,0.087900,0.087200,0.092100,0.089100,0.089100,0.080200,0.086200,0.085600,0.082400,0.087200,0.081200,0.083100,0.087400,0.091400,0.088500,0.085200,0.085100,0.092400,0.087900,0.091800,0.086200,0.086500,0.088800,0.081400,0.084500,0.088900,0.097100,0.088100,0.087200,0.083100,0.085900,0.083500,0.082400,0.085100,0.077000,0.082200,0.088900
Cycle_2	1700,29.8,0.092000,0.091100,0.086400,0.086500,0.095100,0.087400,0.089800,0.092200,0.088400,0.085100,0.089000,0.090600,0.087100,0.095200,0.088600,0.085700,0.087000,0.088000,0.089300,0.085900,0.084100,0.089400,0.084500,0.085200,0.092000,0.087800,0.089000,0.086000,0.086400,0.086900,0.089300,0.088200,0.089400,0.086400,0.087400,0.089100,0.086800,0.095200,0.087100,0.085800,0.087900,0.084100,0.086300,0.084600,0.083900,0.085500,0.084300,0.088000,0.089600,0.087300,0.084500,0.084400,0.089800,0.087700,0.086400,0.087500,0.083900,0.084300,0.084800,0.084700,0.083900,0.099600,0.085900,0.086600,0.082600,0.083000,0.088700,0.083400,0.086400,0.081000,0.085900,0.084600,0.089800,0.087300,0.082800,0.086100,0.089700,0.088200,0.086600,0.083200,0.083000,0.085500,0.083200,0.085800,0.089300,0.093600,0.082800,0.090800,0.087700,0.082200,0.083100,0.081700,0.087800,0.077800,0.082500,0.083000
Cycle_3	2550,30.2,0.093100,0.090500,0.086500,0.085300,0.092100,0.086000,0.088200,0.084800,0.088300,0.084700,0.085800,0.086900,0.087200,0.089300,0.085100,0.084400,0.084700,0.086700,0.084600,0.086600,0.082100,0.084000,0.085200,0.087000,0.092700,0.088500,0.086400,0.085000,0.085200,0.088300,0.086700,0.084900,0.085400,0.084400,0.087200,0.089900,0.086600,0.090900,0.084900,0.084000,0.086100,0.083500,0.086600,0.083500,0.079800,0.086900,0.085600,0.085400,0.087800,0.087000,0.086600,0.085100,0.092800,0.087900,0.086400,0.082900,0.083800,0.085600,0.085200,0.084800,0.081300,0.088100,0.085200,0.091900,0.085700,0.082600,0.089200,0.083900,0.081500,0.088500,0.083000,0.081200,0.087900,0.088900,0.087000,0.085000,0.089700,0.087700,0.087600,0.085300,0.086900,0.089700,0.084900,0.082500,0.088700,0.087200,0.085700,0.083000,0.083900,0.083900,0.080100,0.081300,0.081800,0.083500,0.084400,0.084100
Cycle_4	3401,30.3,0.094800,0.087900,0.085600,0.086900,0.092900,0.086300,0.085200,0.086400,0.082800,0.087400,0.082600,0.088600,0.086400,0.089700,0.085600,0.082800,0.084500,0.084500,0.084500,0.083900,0.085300,0.086400,0.084000,0.083100,0.092500,0.085500,0.085000,0.087400,0.083800,0.085300,0.084300,0.084500,0.085300,0.084900,0.085000,0.088800,0.084400,0.086200,0.084800,0.083400,0.089800,0.082900,0.081600,0.086100,0.080500,0.087600,0.087100,0.086200,0.092800,0.086200,0.081700,0.083300,0.092000,0.085900,0.085200,0.084300,0.083400,0.084900,0.081100,0.085700,0.081600,0.086300,0.085900,0.085300,0.084400,0.082300,0.086300,0.083600,0.083600,0.087300,0.081900,0.082400,0.085400,0.085700,0.082200,0.084100,0.088600,0.086700,0.087300,0.088400,0.081000,0.082700,0.082000,0.084100,0.087300,0.083900,0.085700,0.080600,0.088600,0.079200,0.085500,0.081900,0.078100,0.085900,0.078400,0.081300
Cycle_5	4251,30.2,0.091900,0.088000,0.084500,0.084600,0.092200,0.086900,0.085800,0.086200,0.084900,0.085400,0.083300,0.089800,0.085800,0.091000,0.086300,0.083100,0.087700,0.082700,0.084900,0.087600,0.081400,0.084900,0.087700,0.090200,0.093800,0.084300,0.087200,0.085500,0.083400,0.086000,0.083200,0.085200,0.086600,0.085400,0.085500,0.086500,0.085700,0.086200,0.089800,0.083000,0.086400,0.082800,0.085700,0.083600,0.080300,0.085900,0.084300,0.085000,0.088900,0.084400,0.083300,0.083500,0.091100,0.085100,0.085400,0.082900,0.083000,0.081200,0.080800,0.083500,0.082900,0.085100,0.084100,0.083600,0.084800,0.082000,0.089500,0.081800,0.084300,0.094500,0.085700,0.082300,0.085500,0.087200,0.080800,0.084900,0.089400,0.088700,0.086300,0.084100,0.082100,0.085800,0.080700,0.080200,0.087200,0.083400,0.084200,0.082500,0.092600,0.081100,0.082700,0.081300,0.080700,0.086800,0.082900,0.084600
Cycle_6	5101,30.2,0.093500,0.088700,0.083600,0.083800,0.093900,0.086000,0.087600,0.086800,0.090600,0.083800,0.087000,0.090000,0.084400,0.089100,0.086800,0.085900,0.088600,0.083400,0.083400,0.084800,0.081500,0.082500,0.085700,0.088100,0.088700,0.085600,0.082700,0.086600,0.083100,0.086600,0.084400,0.083200,0.087300,0.084400,0.085500,0.090700,0.084200,0.087200,0.090200,0.082500,0.086300,0.087600,0.081900,0.084800,0.080000,0.083900,0.083600,0.085200,0.088700,0.086400,0.083000,0.082600,0.090300,0.086400,0.084900,0.082100,0.081900,0.082900,0.083700,0.081500,0.080600,0.085200,0.083700,0.083600,0.085100,0.084700,0.085500,0.079300,0.085100,0.087100,0.085300,0.082500,0.086700,0.091200,0.081900,0.088200,0.089400,0.088600,0.087000,0.084300,0.083300,0.086100,0.080800,0.081700,0.087800,0.083900,0.088600,0.084200,0.090400,0.081900,0.083800,0.080800,0.080400,0.083100,0.077900,0.085800
Cycle_7	5951,30.4,0.092200,0.089000,0.081700,0.085200,0.091100,0.085600,0.085600,0.088000,0.085700,0.084000,0.084500,0.090500,0.086100,0.086700,0.084200,0.080800,0.086300,0.084400,0.086500,0.089300,0.083600,0.082800,0.085200,0.087600,0.091200,0.085700,0.086600,0.088300,0.083600,0.086200,0.087800,0.082000,0.084200,0.084700,0.086000,0.087400,0.085000,0.089600,0.090400,0.082900,0.088300,0.088600,0.084400,0.085500,0.082900,0.083600,0.087100,0.084800,0.091000,0.087500,0.083000,0.084400,0.091300,0.086800,0.088700,0.084400,0.086100,0.085600,0.085000,0.086500,0.082200,0.086500,0.085400,0.086300,0.083600,0.083300,0.088200,0.081500,0.084300,0.087300,0.085200,0.085400,0.086900,0.086500,0.082600,0.085200,0.092300,0.085600,0.089600,0.084100,0.083400,0.084300,0.083300,0.083800,0.088300,0.086900,0.085300,0.079500,0.089700,0.082400,0.083600,0.082700,0.081700,0.088900,0.081100,0.084000
Cycle_8	6801,30.4,0.091700,0.088400,0.083300,0.083800,0.093100,0.084800,0.084700,0.085800,0.085700,0.087300,0.082700,0.088500,0.086400,0.089600,0.086400,0.082600,0.086200,0.082900,0.084700,0.086700,0.081100,0.086000,0.086500,0.091000,0.090900,0.087100,0.085200,0.089000,0.084300,0.088800,0.085200,0.084800,0.084300,0.086800,0.085000,0.088000,0.084100,0.084400,0.088700,0.082100,0.085000,0.085200,0.082900,0.082900,0.079000,0.084700,0.084800,0.085500,0.089000,0.085400,0.081800,0.085400,0.090600,0.090100,0.087000,0.082600,0.082800,0.083300,0.081100,0.084600,0.083800,0.085500,0.087300,0.084300,0.084300,0.084000,0.083100,0.079300,0.082500,0.089200,0.083900,0.081500,0.085800,0.083400,0.082400,0.085500,0.087300,0.087800,0.085100,0.083300,0.084500,0.083600,0.081400,0.081200,0.087000,0.083500,0.085800,0.082700,0.086700,0.082500,0.080600,0.080700,0.079200,0.088600,0.083200,0.086100
Cycle_9	7651,30.3,0.092800,0.088500,0.083700,0.088100,0.092800,0.086500,0.086300,0.086500,0.085200,0.087200,0.082500,0.090000,0.083500,0.090000,0.086800,0.083900,0.084100,0.084700,0.087800,0.087800,0.084700,0.083600,0.084700,0.088300,0.092200,0.090100,0.082600,0.085800,0.084400,0.088100,0.084300,0.085000,0.084800,0.084800,0.085600,0.086800,0.084100,0.085600,0.084100,0.083500,0.088900,0.081700,0.082800,0.084000,0.079800,0.081600,0.087100,0.088100,0.090700,0.086200,0.083800,0.084000,0.098000,0.087000,0.086800,0.084900,0.084000,0.081800,0.080500,0.084900,0.082900,0.085200,0.082100,0.087600,0.085000,0.083400,0.084200,0.080500,0.083200,0.085300,0.084900,0.081200,0.088400,0.086000,0.083900,0.083300,0.089100,0.087400,0.089400,0.082300,0.081200,0.084400,0.082400,0.081300,0.088300,0.085400,0.086500,0.080000,0.085800,0.081100,0.082300,0.079600,0.082600,0.080600,0.079200,0.083200
Cycle_10	8501,30.4,0.091400,0.086900,0.084500,0.087100,0.091100,0.086800,0.087900,0.087600,0.085500,0.087400,0.087900,0.089700,0.087300,0.088200,0.085800,0.086400,0.083400,0.085700,0.085100,0.091800,0.087800,0.079500,0.086500,0.086700,0.092000,0.085800,0.082000,0.083300,0.084200,0.084400,0.083800,0.083700,0.088100,0.086200,0.085000,0.087600,0.085400,0.085000,0.085700,0.082500,0.084900,0.086300,0.085600,0.086000,0.083600,0.082800,0.089700,0.086400,0.088000,0.085600,0.081500,0.081300,0.088600,0.085100,0.083600,0.081800,0.082900,0.080600,0.082400,0.083500,0.079300,0.087500,0.086700,0.081600,0.083000,0.085600,0.085300,0.083000,0.080600,0.086300,0.085600,0.082200,0.086200,0.083000,0.079100,0.084000,0.088600,0.083800,0.084000,0.084000,0.084400,0.084100,0.078200,0.081500,0.086600,0.084300,0.081300,0.076700,0.085000,0.082200,0.080400,0.080700,0.077800,0.082800,0.079500,0.082300
Cycle_11	9351,30.4,0.091400,0.088100,0.084400,0.085000,0.090700,0.085800,0.086200,0.085900,0.084900,0.089000,0.082600,0.087900,0.083700,0.088600,0.083800,0.082400,0.084800,0.084500,0.085100,0.084700,0.081400,0.086000,0.085600,0.089800,0.095600,0.087200,0.084600,0.086000,0.083300,0.084600,0.081400,0.083100,0.084700,0.085900,0.088500,0.086700,0.084500,0.088300,0.083200,0.083600,0.084200,0.082300,0.082900,0.082600,0.079400,0.079900,0.084700,0.086900,0.089400,0.084700,0.079800,0.084700,0.089900,0.084000,0.084800,0.082400,0.082500,0.083100,0.079100,0.085100,0.077600,0.086300,0.086800,0.081300,0.079500,0.080600,0.086200,0.080200,0.080100,0.083500,0.081000,0.081400,0.082500,0.086800,0.080000,0.085000,0.087200,0.087100,0.083500,0.085100,0.079900,0.083600,0.078700,0.081000,0.084700,0.084300,0.082100,0.080000,0.082300,0.080900,0.083700,0.079200,0.082000,0.082900,0.077700,0.078800
Cycle_12	10202,30.5,0.093700,0.090300,0.085400,0.084500,0.091700,0.086200,0.086700,0.087100,0.086900,0.083900,0.085700,0.088200,0.086500,0.085800,0.087300,0.087100,0.084700,0.088000,0.083800,0.084300,0.081800,0.083200,0.086200,0.088500,0.091700,0.084300,0.080600,0.084700,0.085500,0.089100,0.085100,0.084700,0.083600,0.085100,0.086500,0.088500,0.084800,0.086100,0.088900,0.084000,0.085700,0.082400,0.080500,0.080300,0.082900,0.081100,0.087600,0.082700,0.087500,0.085000,0.080600,0.084400,0.089400,0.086100,0.084600,0.083300,0.082000,0.084400,0.084200,0.084900,0.082600,0.086100,0.083700,0.085500,0.085100,0.084800,0.083800,0.080600,0.080800,0.083100,0.086700,0.081800,0.084100,0.083200,0.081900,0.084700,0.091900,0.085000,0.083500,0.082100,0.080600,0.085400,0.079300,0.085600,0.085800,0.086100,0.081700,0.079700,0.085600,0.079600,0.079700,0.080000,0.083100,0.078700,0.086600,0.082300
Cycle_13	11052,30.2,0.091400,0.088800,0.084000,0.083300,0.093000,0.089300,0.085700,0.088100,0.085100,0.085100,0.084900,0.087700,0.087000,0.086600,0.084500,0.083300,0.084400,0.082800,0.087300,0.087900,0.080400,0.085400,0.086600,0.090700,0.096100,0.088500,0.082900,0.084400,0.087700,0.086700,0.087700,0.084700,0.084000,0.082700,0.085900,0.087900,0.083300,0.089800,0.085700,0.081400,0.085100,0.084700,0.083600,0.088100,0.082400,0.084800,0.087800,0.082900,0.091000,0.085600,0.083300,0.083900,0.091200,0.082600,0.084200,0.085000,0.086300,0.083000,0.081500,0.082200,0.084200,0.086600,0.089000,0.084600,0.083100,0.082600,0.086700,0.080900,0.081600,0.088500,0.085800,0.081400,0.085300,0.084200,0.082600,0.083500,0.090400,0.084500,0.084000,0.083400,0.081200,0.087800,0.082100,0.081100,0.085900,0.085300,0.084800,0.079800,0.086300,0.083000,0.081100,0.079200,0.080100,0.080500,0.079900,0.083500
Cycle_14	11902,30.2,0.093500,0.089400,0.083400,0.089300,0.089400,0.085900,0.086300,0.085600,0.086300,0.085400,0.088600,0.088400,0.085400,0.085300,0.084100,0.082000,0.086400,0.083900,0.085900,0.083000,0.082600,0.085000,0.089800,0.086800,0.091000,0.084500,0.084000,0.083800,0.086000,0.086200,0.082800,0.083600,0.084400,0.085000,0.086600,0.086900,0.081900,0.085600,0.088500,0.082700,0.084500,0.082000,0.082500,0.083100,0.079600,0.081300,0.085800,0.086400,0.087300,0.084900,0.083200,0.084600,0.087300,0.082900,0.084700,0.083500,0.083900,0.081700,0.080400,0.083800,0.081200,0.088200,0.084000,0.083300,0.082300,0.082600,0.088300,0.080400,0.080600,0.085300,0.082900,0.081400,0.087400,0.086400,0.083300,0.082500,0.087500,0.089200,0.086200,0.084800,0.081800,0.083800,0.082700,0.081800,0.084600,0.085300,0.082900,0.077900,0.087500,0.080400,0.081500,0.081200,0.081200,0.080500,0.080100,0.080800
Cycle_15	12752,30.4,0.090800,0.088000,0.082100,0.086500,0.090200,0.086500,0.087900,0.090200,0.087500,0.085700,0.085500,0.087600,0.084300,0.092800,0.085300,0.089500,0.087000,0.084700,0.084400,0.089400,0.082800,0.082200,0.083300,0.089600,0.090800,0.084100,0.081100,0.088000,0.084900,0.084700,0.083700,0.085200,0.086200,0.086800,0.086500,0.087400,0.082800,0.087400,0.085800,0.086100,0.084100,0.083300,0.083700,0.084000,0.081500,0.084400,0.086800,0.087200,0.088200,0.086500,0.081100,0.087400,0.088900,0.086500,0.084900,0.083700,0.082900,0.081600,0.082700,0.088500,0.080100,0.084700,0.084400,0.084100,0.085800,0.084400,0.086200,0.083900,0.082200,0.083100,0.085800,0.082400,0.087100,0.084800,0.079400,0.083800,0.088600,0.084900,0.087000,0.081200,0.086200,0.087200,0.079900,0.081400,0.088400,0.083800,0.083300,0.079400,0.085900,0.082300,0.080800,0.078900,0.082100,0.081000,0.079700,0.081900
Cycle_16	13602,30.1,0.091300,0.088200,0.086400,0.086600,0.090500,0.086800,0.083900,0.089900,0.083800,0.086300,0.084600,0.087000,0.084900,0.087800,0.084800,0.086300,0.084500,0.084300,0.089200,0.084700,0.082100,0.083200,0.083900,0.087400,0.092600,0.088200,0.083500,0.084000,0.088600,0.088800,0.089100,0.086600,0.085000,0.088600,0.087800,0.088600,0.084600,0.087700,0.088900,0.082400,0.084700,0.084200,0.084300,0.085600,0.082600,0.082200,0.086100,0.083200,0.091800,0.086100,0.082100,0.086200,0.096100,0.085400,0.085800,0.082900,0.085100,0.084700,0.083100,0.084600,0.080000,0.089000,0.084500,0.087200,0.086100,0.083400,0.086800,0.084600,0.083300,0.085100,0.087800,0.084500,0.087400,0.088100,0.080700,0.083600,0.089400,0.088000,0.086700,0.083700,0.082600,0.089200,0.083100,0.082500,0.090600,0.087300,0.086500,0.080200,0.085800,0.082100,0.081900,0.083200,0.078900,0.080500,0.084300,0.084600
Cycle_17	14452,30.2,0.091200,0.086900,0.082900,0.084400,0.090000,0.087800,0.087600,0.087000,0.083000,0.084700,0.084800,0.087700,0.086500,0.090000,0.084900,0.083900,0.085700,0.084800,0.085000,0.087600,0.083300,0.082000,0.089100,0.088800,0.093100,0.086300,0.086400,0.088500,0.083400,0.086200,0.085900,0.085500,0.084700,0.086200,0.088000,0.088000,0.083200,0.086500,0.087600,0.082600,0.089900,0.088800,0.086600,0.083400,0.082400,0.082200,0.087100,0.084600,0.089800,0.082900,0.081100,0.084500,0.094900,0.084600,0.084100,0.082100,0.085100,0.084200,0.082600,0.083800,0.080000,0.084500,0.084200,0.085700,0.083300,0.083400,0.087400,0.084700,0.084400,0.086500,0.088700,0.084900,0.085500,0.085400,0.080800,0.086600,0.089800,0.087200,0.086600,0.085100,0.082700,0.085600,0.083800,0.085700,0.088400,0.088300,0.084900,0.079900,0.082600,0.082300,0.080700,0.081800,0.080500,0.080000,0.083900,0.082300
Cycle_18	15302,30.0,0.092300,0.087900,0.084600,0.087300,0.090300,0.087900,0.088200,0.087400,0.083300,0.087700,0.084500,0.087400,0.084700,0.087300,0.089500,0.084100,0.087800,0.085600,0.086200,0.088800,0.083600,0.083800,0.088100,0.092700,0.091900,0.085200,0.085600,0.085800,0.084200,0.090800,0.085600,0.084300,0.087500,0.087100,0.086500,0.092800,0.085100,0.087800,0.086400,0.082800,0.086700,0.085200,0.084900,0.085000,0.082300,0.086200,0.092100,0.087600,0.091200,0.085500,0.081000,0.086300,0.093800,0.086900,0.084800,0.086800,0.083400,0.086100,0.085800,0.087600,0.083100,0.086800,0.088500,0.087300,0.087300,0.084400,0.087900,0.083600,0.086400,0.092900,0.089200,0.085200,0.089900,0.089800,0.083800,0.089600,0.089900,0.085800,0.091600,0.085900,0.087300,0.089500,0.082700,0.087800,0.089300,0.089200,0.084700,0.080500,0.088000,0.085000,0.081800,0.084000,0.083700,0.081500,0.086300,0.083900
Cycle_19	16153,30.1,0.094000,0.089100,0.082700,0.085400,0.091600,0.090100,0.085700,0.086100,0.087500,0.084800,0.083900,0.087900,0.085700,0.088800,0.087600,0.087700,0.083700,0.086500,0.087600,0.087000,0.085100,0.084400,0.087300,0.088500,0.092200,0.085800,0.084100,0.086100,0.083000,0.086000,0.085600,0.083400,0.085800,0.088800,0.088000,0.087800,0.084500,0.085700,0.088300,0.083400,0.084900,0.085500,0.085900,0.082500,0.080700,0.083100,0.085800,0.086800,0.088700,0.086300,0.080100,0.084500,0.091700,0.086300,0.086300,0.084800,0.083600,0.084600,0.082500,0.089700,0.080700,0.087100,0.086900,0.087700,0.084300,0.083600,0.086300,0.084700,0.082000,0.086500,0.085300,0.086100,0.087600,0.087700,0.079800,0.087400,0.091600,0.086500,0.087900,0.083100,0.083600,0.086700,0.080200,0.084400,0.088000,0.086600,0.087100,0.081000,0.089800,0.084700,0.080100,0.081300,0.079500,0.080200,0.084900,0.083000
Cycle_20	17003,30.1,0.094400,0.090700,0.081100,0.084600,0.090500,0.087100,0.086400,0.087500,0.086900,0.088600,0.084600,0.087200,0.089700,0.089000,0.088200,0.087800,0.085000,0.085200,0.088400,0.087600,0.084300,0.083100,0.092300,0.088900,0.091400,0.088600,0.081100,0.087200,0.085600,0.087700,0.086400,0.085400,0.088000,0.087300,0.090700,0.087500,0.085500,0.088600,0.085900,0.085900,0.086700,0.083500,0.084300,0.084900,0.081400,0.086100,0.089200,0.084100,0.092900,0.087100,0.081800,0.084000,0.091000,0.087800,0.085000,0.085200,0.083500,0.085300,0.083300,0.085600,0.084700,0.088900,0.086600,0.086000,0.085000,0.086500,0.091200,0.086000,0.086200,0.089200,0.088000,0.084300,0.088700,0.090100,0.082700,0.086600,0.092400,0.087800,0.089600,0.085700,0.084700,0.092700,0.084500,0.086400,0.088200,0.087400,0.087200,0.078400,0.089800,0.084600,0.084500,0.084900,0.083200,0.082300,0.083700,0.083600
Cycle_21	17853,30.1,0.093900,0.088900,0.086700,0.088200,0.093100,0.086300,0.087800,0.088600,0.087900,0.085400,0.085400,0.088000,0.084900,0.087500,0.089000,0.084100,0.086900,0.089600,0.088000,0.086500,0.084500,0.087100,0.089800,0.090400,0.092300,0.089000,0.084600,0.090700,0.089500,0.086100,0.090400,0.084600,0.088900,0.086000,0.089400,0.094300,0.084800,0.086900,0.090100,0.083400,0.088100,0.084600,0.089200,0.086300,0.084900,0.085600,0.091800,0.087100,0.090500,0.085200,0.082500,0.085800,0.090800,0.089000,0.084100,0.083900,0.086400,0.087700,0.084100,0.086000,0.083800,0.088100,0.089100,0.086100,0.087500,0.087600,0.089000,0.082500,0.083800,0.087500,0.087900,0.083500,0.089500,0.088000,0.082700,0.089400,0.093800,0.087300,0.092100,0.086800,0.084100,0.087500,0.084700,0.084500,0.088700,0.086400,0.088000,0.079700,0.089300,0.085300,0.083100,0.083600,0.083400,0.082100,0.084500,0.084500
Cycle_22	18703,30.0,0.094300,0.088300,0.081700,0.086100,0.093300,0.088100,0.086600,0.089300,0.086100,0.087600,0.089200,0.088600,0.091800,0.092800,0.086200,0.089700,0.088900,0.089200,0.090100,0.089300,0.088200,0.084700,0.087600,0.089600,0.094600,0.087300,0.085200,0.088400,0.087200,0.087700,0.087000,0.086500,0.088700,0.089600,0.088600,0.095700,0.086600,0.089100,0.086500,0.086000,0.090300,0.087800,0.085300,0.085400,0.091300,0.084400,0.091800,0.087200,0.091300,0.090000,0.084300,0.084700,0.097600,0.089000,0.087900,0.085500,0.087000,0.085900,0.084400,0.086200,0.081900,0.090700,0.088400,0.088800,0.083400,0.086400,0.088200,0.089900,0.090100,0.087900,0.092000,0.085000,0.091300,0.090400,0.082800,0.089800,0.091700,0.088100,0.092400,0.086800,0.084900,0.089400,0.082200,0.086300,0.093100,0.089800,0.088700,0.080400,0.085500,0.089000,0.086000,0.085500,0.083300,0.081400,0.088500,0.087700
Cycle_23	19553,30.0,0.096000,0.089100,0.084800,0.086400,0.094300,0.084800,0.090000,0.091000,0.089900,0.089400,0.084700,0.091500,0.084400,0.089100,0.087400,0.086400,0.085800,0.087300,0.089200,0.088300,0.087800,0.086700,0.089000,0.091400,0.095800,0.087300,0.084900,0.087100,0.087500,0.087100,0.087400,0.089000,0.088800,0.090700,0.089800,0.090300,0.087600,0.089700,0.089400,0.085000,0.088000,0.088200,0.085400,0.087600,0.083900,0.084800,0.091500,0.088300,0.091600,0.087600,0.080200,0.085400,0.093300,0.088200,0.088300,0.085600,0.084600,0.084900,0.084600,0.087700,0.083800,0.087900,0.089400,0.089000,0.085100,0.085900,0.089200,0.084400,0.085000,0.086100,0.087300,0.087400,0.089700,0.089300,0.079800,0.086400,0.092300,0.086300,0.090300,0.089700,0.085300,0.089000,0.083600,0.084400,0.090500,0.086900,0.087400,0.081000,0.086900,0.086700,0.084200,0.084400,0.085600,0.082200,0.086400,0.088900
Cycle_24	20403,30.0,0.096100,0.089500,0.083900,0.085600,0.092300,0.088400,0.088300,0.091000,0.088700,0.092900,0.086900,0.092100,0.089800,0.093400,0.095000,0.085100,0.087500,0.086600,0.091100,0.088000,0.089900,0.090000,0.088600,0.093000,0.099400,0.088800,0.084300,0.087600,0.085900,0.090300,0.086400,0.089000,0.089100,0.088300,0.089000,0.091400,0.088000,0.091700,0.091500,0.087500,0.089300,0.085600,0.087000,0.087400,0.085000,0.086500,0.091000,0.089200,0.094500,0.087600,0.079900,0.086100,0.094400,0.088700,0.090500,0.086600,0.088700,0.085700,0.086200,0.086400,0.086300,0.090000,0.089100,0.092600,0.086400,0.085800,0.089800,0.086700,0.086500,0.088700,0.089800,0.081600,0.090900,0.089300,0.085000,0.088200,0.093700,0.089100,0.092100,0.087100,0.086400,0.088500,0.086500,0.084400,0.093600,0.089000,0.085900,0.083100,0.087500,0.084400,0.083300,0.089700,0.084100,0.085900,0.085600,0.085700
Cycle_25	21253,30.4,0.094900,0.092700,0.082700,0.086900,0.092800,0.088100,0.089300,0.089100,0.088200,0.089100,0.089300,0.090500,0.091500,0.091900,0.087800,0.086200,0.086200,0.088500,0.090400,0.090300,0.085600,0.088800,0.089400,0.092500,0.095900,0.090400,0.082600,0.087100,0.089400,0.088300,0.087400,0.088700,0.087700,0.092200,0.088100,0.092800,0.089100,0.094000,0.088900,0.085900,0.087700,0.086400,0.086800,0.086500,0.084100,0.085200,0.090200,0.087400,0.090800,0.090500,0.081100,0.085100,0.094600,0.091200,0.090200,0.087900,0.087600,0.088900,0.084900,0.089000,0.084500,0.091400,0.089400,0.087800,0.083500,0.086900,0.091600,0.085400,0.086400,0.089800,0.088400,0.086900,0.088300,0.086800,0.078200,0.087200,0.094500,0.092100,0.093900,0.090300,0.085200,0.089800,0.084900,0.087700,0.092900,0.087700,0.086600,0.079000,0.087200,0.085100,0.084400,0.088100,0.083600,0.090800,0.083100,0.087000
Cycle_26	22103,30.5,0.101200,0.093200,0.081400,0.088800,0.093800,0.090400,0.089000,0.089800,0.089600,0.090700,0.090800,0.090800,0.090800,0.094700,0.089400,0.087100,0.089500,0.091000,0.091500,0.089600,0.089000,0.087500,0.089600,0.092600,0.096200,0.089000,0.085700,0.088100,0.092900,0.087800,0.088000,0.091200,0.089100,0.090800,0.091000,0.093600,0.088100,0.093000,0.090300,0.088200,0.094300,0.086000,0.087600,0.089600,0.084800,0.087900,0.094000,0.089300,0.092200,0.088900,0.081700,0.089500,0.098400,0.089100,0.088900,0.087700,0.086800,0.089800,0.086500,0.088300,0.086300,0.092600,0.092500,0.087300,0.087100,0.086800,0.091600,0.088200,0.088400,0.086900,0.091400,0.086900,0.090300,0.089400,0.082600,0.088400,0.092600,0.090200,0.092600,0.087500,0.087000,0.092800,0.088300,0.085800,0.092500,0.090800,0.086500,0.083200,0.091900,0.085900,0.088200,0.084600,0.086000,0.086600,0.084700,0.086800
Cycle_27	22954,30.4,0.096900,0.094200,0.083600,0.090600,0.096800,0.089300,0.092200,0.090300,0.091300,0.090400,0.089500,0.092700,0.090600,0.097200,0.091500,0.085100,0.086700,0.093100,0.092600,0.092600,0.088200,0.090400,0.093300,0.094300,0.098900,0.089100,0.083100,0.088700,0.088900,0.088600,0.086700,0.088600,0.091300,0.092000,0.091300,0.094100,0.090200,0.092500,0.091700,0.086000,0.090000,0.088100,0.091700,0.088400,0.086200,0.089500,0.093400,0.094200,0.094800,0.089300,0.083300,0.087200,0.098800,0.090500,0.091000,0.086400,0.088500,0.091100,0.086300,0.090400,0.086100,0.091400,0.088000,0.089600,0.086100,0.089900,0.092700,0.086100,0.088700,0.088100,0.089700,0.085900,0.090800,0.093500,0.080400,0.091400,0.094500,0.090200,0.094000,0.089500,0.088500,0.090100,0.087000,0.086500,0.092900,0.089700,0.088800,0.081700,0.090500,0.090800,0.088300,0.085800,0.089800,0.083000,0.085300,0.087200
Cycle_28	23804,30.3,0.097700,0.092600,0.085000,0.088500,0.096500,0.091500,0.090100,0.092700,0.089700,0.094300,0.090300,0.092000,0.092400,0.095100,0.092100,0.085700,0.093600,0.089800,0.093800,0.092600,0.090400,0.089400,0.091800,0.092800,0.098600,0.090300,0.084700,0.089100,0.088700,0.090500,0.089000,0.088200,0.090700,0.091200,0.090700,0.092300,0.091200,0.094600,0.091200,0.088400,0.092600,0.088300,0.087900,0.089700,0.088700,0.087400,0.094000,0.092700,0.093700,0.091800,0.082900,0.086900,0.095700,0.089500,0.094700,0.089300,0.088400,0.087900,0.087000,0.089900,0.087900,0.095300,0.089700,0.090500,0.087000,0.092600,0.091600,0.086500,0.089100,0.089300,0.092300,0.090000,0.095200,0.093600,0.077100,0.092600,0.096600,0.091100,0.092700,0.088200,0.088400,0.093100,0.086500,0.088400,0.094400,0.095200,0.089400,0.081700,0.090400,0.088300,0.084700,0.086400,0.085400,0.084200,0.087400,0.088600
Cycle_29	24654,30.0,0.101400,0.094400,0.083300,0.089400,0.098900,0.090000,0.091800,0.093700,0.090800,0.094000,0.089900,0.094800,0.092900,0.092400,0.092800,0.090500,0.092300,0.090100,0.091600,0.092900,0.090200,0.094100,0.091400,0.092400,0.098700,0.091300,0.082400,0.088900,0.087800,0.091800,0.089900,0.089300,0.092100,0.093800,0.092200,0.093100,0.089100,0.094800,0.091600,0.089600,0.091100,0.088800,0.091200,0.093600,0.087400,0.089400,0.098100,0.092300,0.093300,0.089900,0.081500,0.088000,0.098900,0.090900,0.090600,0.089000,0.088200,0.089200,0.087100,0.091100,0.085300,0.095000,0.088700,0.093000,0.087300,0.089200,0.095900,0.085800,0.089700,0.090200,0.094800,0.089700,0.094700,0.092400,0.083300,0.089800,0.096100,0.092000,0.092600,0.088400,0.089100,0.091200,0.085300,0.090200,0.096800,0.093800,0.093200,0.083700,0.091900,0.088800,0.087700,0.087000,0.088500,0.089900,0.089300,0.086600
Cycle_30	25504,30.5,0.098900,0.095000,0.084500,0.088900,0.097200,0.092600,0.092900,0.093100,0.091200,0.092300,0.092700,0.093900,0.092300,0.097800,0.092400,0.087600,0.094000,0.093600,0.095200,0.094100,0.090300,0.090700,0.096300,0.094200,0.099300,0.093300,0.083700,0.092300,0.091000,0.090600,0.091400,0.090300,0.092100,0.091500,0.093600,0.093200,0.089800,0.098600,0.091900,0.086900,0.093500,0.090400,0.093600,0.090900,0.090800,0.091200,0.094300,0.092100,0.096900,0.092600,0.086000,0.092600,0.099400,0.095000,0.093800,0.089600,0.089500,0.091500,0.089400,0.090600,0.087600,0.099300,0.090100,0.089900,0.089900,0.090400,0.097800,0.087900,0.093000,0.094200,0.094500,0.088800,0.095200,0.096500,0.081700,0.092800,0.097600,0.099200,0.095400,0.092300,0.089100,0.098300,0.087900,0.089300,0.096300,0.094200,0.094200,0.085200,0.091300,0.096400,0.086300,0.088500,0.088300,0.088900,0.090000,0.090000
Cycle_31	26354,30.5,0.101200,0.095900,0.082300,0.090100,0.096800,0.091800,0.092100,0.096200,0.094500,0.093500,0.093100,0.093300,0.098300,0.096900,0.093900,0.088800,0.091200,0.094500,0.094500,0.094300,0.093500,0.096600,0.094600,0.095100,0.104900,0.095900,0.084500,0.092600,0.091900,0.092700,0.090900,0.092000,0.093300,0.094500,0.093300,0.096500,0.089700,0.096500,0.094200,0.090600,0.092100,0.091000,0.091900,0.092600,0.092600,0.091800,0.096700,0.094800,0.097400,0.090900,0.082400,0.091900,0.098100,0.095300,0.094400,0.090900,0.090100,0.090700,0.092500,0.092000,0.087400,0.095500,0.093800,0.092200,0.088700,0.088900,0.098800,0.087100,0.091200,0.092000,0.096800,0.089500,0.096700,0.096500,0.080600,0.093500,0.099500,0.094500,0.093800,0.092200,0.093100,0.095900,0.091400,0.089300,0.096000,0.094400,0.091600,0.085100,0.093800,0.091000,0.086300,0.089400,0.085000,0.087200,0.089800,0.094000
Cycle_32	27204,30.1,0.099900,0.094600,0.086000,0.092100,0.103700,0.093200,0.093700,0.095400,0.094000,0.096300,0.091900,0.094200,0.092600,0.099100,0.095400,0.090300,0.094400,0.096800,0.099700,0.094000,0.092200,0.094300,0.094000,0.094700,0.104000,0.096800,0.084500,0.093100,0.094000,0.096300,0.094800,0.091100,0.094000,0.095300,0.095300,0.098500,0.095900,0.095400,0.093100,0.089800,0.096100,0.094200,0.093000,0.092800,0.093300,0.095800,0.099600,0.095400,0.096700,0.093300,0.083000,0.089400,0.100000,0.096000,0.093500,0.092300,0.092800,0.094600,0.094900,0.094200,0.091400,0.095100,0.099400,0.092600,0.091700,0.094400,0.098600,0.089800,0.098200,0.092800,0.096700,0.092600,0.096800,0.099300,0.081800,0.093600,0.103400,0.095700,0.095300,0.092500,0.096100,0.096900,0.088800,0.091300,0.097100,0.094800,0.096700,0.083400,0.093800,0.092000,0.092200,0.088300,0.089800,0.091100,0.093400,0.091000
Cycle_33	28054,29.9,0.104900,0.097900,0.084100,0.094800,0.102300,0.095500,0.095200,0.097000,0.098500,0.097600,0.095500,0.096900,0.096100,0.101700,0.100100,0.089900,0.094400,0.097200,0.098700,0.095200,0.094700,0.096800,0.095800,0.097600,0.104300,0.095100,0.086100,0.097600,0.094000,0.095600,0.093000,0.092100,0.095300,0.100600,0.100600,0.101100,0.093700,0.102700,0.095500,0.093900,0.092400,0.093000,0.093600,0.097000,0.090900,0.094100,0.098600,0.092900,0.101000,0.093900,0.081300,0.090400,0.102100,0.096700,0.098900,0.093100,0.092200,0.094800,0.090300,0.093500,0.090200,0.101200,0.096300,0.093000,0.087200,0.095700,0.103800,0.092100,0.095800,0.092900,0.101400,0.092200,0.097300,0.097900,0.084300,0.093700,0.104700,0.093900,0.098300,0.092100,0.091800,0.096600,0.092000,0.091000,0.099200,0.094700,0.092800,0.083100,0.097300,0.094800,0.089800,0.092100,0.094200,0.092900,0.093700,0.091500
Cycle_34	28904,30.3,0.106400,0.100400,0.082800,0.095300,0.100800,0.093700,0.096700,0.096900,0.096100,0.096100,0.094700,0.096300,0.097200,0.099100,0.096600,0.095900,0.092500,0.097200,0.098100,0.099700,0.093300,0.099900,0.097300,0.095500,0.103500,0.093800,0.082200,0.093300,0.094600,0.097000,0.093100,0.095500,0.096600,0.100000,0.094200,0.100800,0.094200,0.099200,0.094500,0.092800,0.093300,0.093900,0.094600,0.094700,0.092900,0.093600,0.102400,0.095200,0.102300,0.095300,0.084000,0.090000,0.099500,0.094100,0.095300,0.093200,0.095100,0.092500,0.092100,0.094700,0.093400,0.098100,0.094600,0.094800,0.089400,0.096500,0.100400,0.092100,0.095100,0.094400,0.098700,0.093500,0.098600,0.098200,0.080900,0.094700,0.103500,0.096700,0.098800,0.097400,0.094900,0.097100,0.092500,0.093100,0.099900,0.095500,0.094800,0.085000,0.092000,0.097900,0.093200,0.092500,0.090600,0.091300,0.093600,0.094600
Cycle_35	29755,30.4,0.104500,0.099100,0.084000,0.093900,0.103100,0.094100,0.094500,0.098500,0.097300,0.099400,0.095600,0.098300,0.098400,0.101800,0.100300,0.092500,0.096500,0.102800,0.101100,0.100800,0.094200,0.097500,0.099000,0.097200,0.106100,0.097400,0.082600,0.098500,0.098000,0.095500,0.094300,0.096000,0.097300,0.098300,0.098200,0.101200,0.095600,0.103400,0.095700,0.091200,0.096200,0.097800,0.095000,0.097000,0.093400,0.094000,0.101900,0.098300,0.103200,0.095500,0.084100,0.090200,0.104400,0.096800,0.101200,0.093300,0.095000,0.096600,0.092800,0.097300,0.091300,0.099700,0.095800,0.095500,0.092700,0.098900,0.100900,0.094200,0.096800,0.094600,0.101400,0.093300,0.099400,0.102400,0.083200,0.095800,0.103100,0.098100,0.101800,0.097500,0.093800,0.098400,0.090900,0.093400,0.100600,0.098400,0.095600,0.085000,0.093600,0.092900,0.091800,0.091300,0.093000,0.093200,0.096100,0.095500
Cycle_36	30605,30.5,0.105300,0.097900,0.086300,0.094400,0.101900,0.094400,0.098400,0.100400,0.097300,0.099800,0.095700,0.096400,0.101600,0.102900,0.100500,0.093100,0.097100,0.103300,0.101500,0.100500,0.096600,0.099700,0.094800,0.096600,0.106400,0.098600,0.081900,0.094500,0.097800,0.097800,0.098100,0.093200,0.099300,0.098000,0.098400,0.098400,0.096900,0.103800,0.099400,0.093200,0.095100,0.095400,0.096800,0.096200,0.096600,0.097200,0.101100,0.096900,0.105100,0.095800,0.081500,0.092900,0.103300,0.099000,0.102000,0.095300,0.093600,0.097100,0.093100,0.093800,0.090900,0.099600,0.097200,0.095000,0.093400,0.099800,0.100800,0.091600,0.097100,0.098800,0.101500,0.094400,0.099600,0.100000,0.080400,0.100600,0.105100,0.098200,0.099400,0.098000,0.097500,0.102600,0.093200,0.093500,0.101300,0.098600,0.095700,0.086900,0.093500,0.096400,0.093100,0.092800,0.095000,0.091400,0.095400,0.092800
Cycle_37	31455,30.5,0.106400,0.101600,0.088600,0.095100,0.102500,0.095400,0.097900,0.104000,0.099700,0.100900,0.097500,0.100400,0.101300,0.105800,0.100900,0.095200,0.095500,0.100300,0.102100,0.102400,0.098200,0.096200,0.100700,0.097900,0.106300,0.098200,0.083300,0.098600,0.096400,0.095600,0.096100,0.095200,0.096500,0.098700,0.098200,0.101000,0.099000,0.105400,0.098500,0.093800,0.096000,0.101200,0.095200,0.096600,0.096800,0.095600,0.103300,0.097700,0.103200,0.097000,0.081400,0.093200,0.104000,0.103100,0.101200,0.095000,0.097800,0.101300,0.095400,0.095700,0.092500,0.102600,0.099700,0.095600,0.092700,0.098700,0.101400,0.097300,0.101200,0.100400,0.103900,0.097100,0.100700,0.101400,0.083000,0.096400,0.108000,0.098900,0.099900,0.098500,0.097200,0.100300,0.095500,0.096600,0.105800,0.098100,0.096700,0.087400,0.095500,0.097300,0.095900,0.094400,0.093400,0.096900,0.097300,0.094900
Cycle_38	32305,30.4,0.108900,0.101300,0.082700,0.095800,0.105600,0.096300,0.100500,0.102800,0.101300,0.104500,0.098400,0.101500,0.103000,0.105600,0.104800,0.095300,0.098100,0.100600,0.106100,0.101400,0.098800,0.098700,0.102000,0.100700,0.108500,0.100000,0.084700,0.097000,0.098100,0.096300,0.095800,0.095900,0.101700,0.099600,0.098800,0.101900,0.101800,0.103100,0.099800,0.093600,0.101500,0.098800,0.099100,0.098500,0.095900,0.099600,0.101100,0.099300,0.108300,0.099900,0.082500,0.094900,0.106000,0.101600,0.101900,0.095500,0.100900,0.100900,0.097200,0.098100,0.093100,0.104200,0.102800,0.095900,0.091800,0.100900,0.106900,0.097500,0.100600,0.101000,0.104400,0.096400,0.103100,0.100000,0.082500,0.100300,0.108500,0.099300,0.102500,0.096500,0.097900,0.101300,0.094800,0.096300,0.105400,0.100300,0.098000,0.088700,0.097900,0.101500,0.095200,0.097600,0.096000,0.095700,0.098000,0.098400
Cycle_39	33155,29.8,0.112500,0.103700,0.083800,0.097700,0.107500,0.099500,0.104000,0.103400,0.104300,0.102900,0.100200,0.103800,0.105100,0.114100,0.106000,0.100900,0.099100,0.104400,0.108200,0.102900,0.100900,0.107300,0.103000,0.107100,0.109000,0.101000,0.084100,0.099900,0.103200,0.102100,0.098600,0.097200,0.101300,0.102100,0.101100,0.102800,0.100400,0.107400,0.103100,0.095900,0.100800,0.099600,0.101300,0.103400,0.097600,0.101500,0.106900,0.101600,0.106700,0.102500,0.081700,0.094900,0.108300,0.102600,0.104800,0.097700,0.099200,0.100700,0.101200,0.100800,0.098700,0.108700,0.103800,0.097500,0.095200,0.102500,0.108000,0.095800,0.106200,0.101300,0.104600,0.099600,0.106900,0.101400,0.081100,0.101100,0.108600,0.101800,0.104400,0.103100,0.099800,0.103700,0.097600,0.097200,0.106200,0.100800,0.099700,0.088700,0.097900,0.101400,0.096500,0.100600,0.096600,0.096300,0.099700,0.099100
Cycle_40	34005,30.1,0.114500,0.103100,0.083600,0.097900,0.106900,0.099400,0.103500,0.104300,0.103500,0.103200,0.100700,0.104400,0.105300,0.110700,0.105400,0.097000,0.099800,0.103900,0.107600,0.106100,0.101600,0.102700,0.106000,0.101800,0.114100,0.104700,0.084600,0.098700,0.100500,0.098400,0.099500,0.098400,0.101100,0.103100,0.102900,0.103500,0.100900,0.108000,0.102400,0.095900,0.099700,0.102500,0.101900,0.099500,0.099400,0.100600,0.109900,0.101000,0.107900,0.102700,0.082300,0.097900,0.107700,0.101300,0.105100,0.098500,0.106500,0.102300,0.099500,0.099200,0.095900,0.107800,0.103900,0.099000,0.095800,0.102800,0.107900,0.099000,0.105500,0.104600,0.108300,0.099500,0.104900,0.103500,0.083500,0.099800,0.110700,0.103000,0.105000,0.100700,0.098900,0.104400,0.101900,0.098900,0.105700,0.104200,0.099400,0.091300,0.099100,0.101800,0.096200,0.095700,0.100900,0.099400,0.100100,0.100900
Cycle_41	34855,30.3,0.116300,0.105900,0.084500,0.099100,0.109500,0.100500,0.105600,0.105800,0.103000,0.108700,0.103600,0.106000,0.107300,0.110500,0.108600,0.096700,0.102500,0.105500,0.112400,0.110700,0.104700,0.106200,0.106500,0.104600,0.113200,0.102900,0.083600,0.099800,0.102100,0.101800,0.098000,0.099100,0.103500,0.104400,0.106900,0.102700,0.102300,0.108400,0.104000,0.098100,0.101300,0.102400,0.104800,0.103600,0.105400,0.101200,0.110400,0.101800,0.112300,0.109500,0.084400,0.097100,0.111500,0.101700,0.106700,0.099200,0.101300,0.105400,0.102400,0.098700,0.098900,0.111600,0.104400,0.099000,0.096600,0.103200,0.110500,0.099900,0.106400,0.099300,0.109100,0.101500,0.105300,0.103700,0.081800,0.102100,0.110900,0.103200,0.107700,0.099100,0.102100,0.106600,0.096800,0.098100,0.108500,0.103500,0.102900,0.090700,0.099500,0.103700,0.101500,0.097600,0.100100,0.097200,0.100700,0.100200
Cycle_42	35706,30.0,0.116700,0.111600,0.087400,0.102500,0.110900,0.101200,0.108600,0.109200,0.106700,0.107300,0.103500,0.108300,0.108100,0.113900,0.107400,0.100000,0.102100,0.107700,0.109800,0.109600,0.109600,0.109500,0.109500,0.106300,0.112700,0.105000,0.083900,0.102300,0.105000,0.100500,0.104000,0.100500,0.103000,0.103900,0.106300,0.108200,0.103500,0.111600,0.107100,0.100100,0.102200,0.103900,0.103500,0.102000,0.099700,0.105900,0.109200,0.103200,0.109600,0.105400,0.082000,0.098300,0.113200,0.104100,0.109700,0.103900,0.106300,0.102800,0.102200,0.102000,0.098800,0.113000,0.109200,0.102100,0.096000,0.102900,0.110600,0.100900,0.109200,0.107000,0.111700,0.101600,0.107800,0.106100,0.082900,0.103700,0.115100,0.104800,0.109500,0.104900,0.102700,0.107600,0.103100,0.098700,0.108600,0.104800,0.103100,0.092600,0.102800,0.104300,0.100200,0.097900,0.102000,0.099900,0.103100,0.103600
Cycle_43	36556,29.9,0.121700,0.109400,0.083500,0.101300,0.107900,0.102100,0.109400,0.111700,0.109500,0.109800,0.105800,0.108800,0.112900,0.115600,0.111600,0.099500,0.104900,0.107700,0.114200,0.109700,0.108800,0.106500,0.110900,0.107100,0.117800,0.106400,0.084600,0.104000,0.105300,0.104500,0.106000,0.102200,0.103800,0.109400,0.106800,0.107100,0.106400,0.115000,0.107900,0.101800,0.106000,0.108600,0.109400,0.104300,0.102700,0.111900,0.111200,0.108900,0.114000,0.108000,0.086700,0.101300,0.111900,0.106400,0.114700,0.106700,0.105600,0.109600,0.104100,0.103500,0.100000,0.117200,0.112700,0.102500,0.101300,0.109100,0.114900,0.103900,0.110900,0.105400,0.114700,0.104900,0.111000,0.111200,0.081700,0.104500,0.113600,0.106400,0.112700,0.104400,0.105000,0.113600,0.101200,0.102800,0.113900,0.109900,0.104700,0.093000,0.103100,0.105600,0.102700,0.100200,0.102200,0.102800,0.106100,0.104800
Cycle_44	37406,30.2,0.120600,0.113900,0.084100,0.102100,0.114300,0.102500,0.110400,0.114700,0.110700,0.110800,0.106900,0.113100,0.114200,0.118700,0.112700,0.103400,0.106900,0.111700,0.117000,0.111800,0.110300,0.109300,0.111400,0.109000,0.119100,0.109400,0.086000,0.105500,0.104200,0.103500,0.104200,0.102000,0.106200,0.109600,0.110500,0.110900,0.108700,0.113800,0.111000,0.102400,0.105900,0.110700,0.109300,0.108500,0.103400,0.107700,0.112100,0.106900,0.117600,0.109300,0.081600,0.101500,0.117500,0.106300,0.113600,0.108800,0.107300,0.110900,0.103700,0.105600,0.102100,0.117900,0.111600,0.104100,0.103500,0.108600,0.117100,0.106200,0.114400,0.107500,0.116300,0.105400,0.112900,0.108100,0.084000,0.107400,0.116500,0.107400,0.110600,0.106900,0.105100,0.111200,0.102100,0.102800,0.112200,0.110600,0.108000,0.095000,0.107900,0.110700,0.104100,0.102000,0.105000,0.102800,0.107800,0.104600
Cycle_45	38256,30.2,0.125800,0.114000,0.085500,0.105200,0.113900,0.104400,0.115800,0.118800,0.113900,0.113900,0.109800,0.113100,0.117300,0.123900,0.119100,0.103200,0.108000,0.111700,0.122600,0.116600,0.114100,0.116500,0.114800,0.111900,0.119700,0.109000,0.087900,0.106400,0.107400,0.104000,0.105700,0.103200,0.105700,0.113300,0.111400,0.112100,0.111100,0.120100,0.111700,0.102500,0.107500,0.109400,0.113100,0.112200,0.106000,0.110000,0.117000,0.110900,0.120100,0.113900,0.083000,0.104300,0.118300,0.111300,0.116300,0.107800,0.111000,0.109800,0.108700,0.107000,0.106400,0.123000,0.114400,0.105400,0.101400,0.110100,0.121000,0.107700,0.115400,0.109400,0.117800,0.106900,0.114100,0.111000,0.083100,0.108700,0.118300,0.111700,0.114000,0.105600,0.106400,0.112800,0.103600,0.105400,0.115300,0.112300,0.108400,0.095300,0.105700,0.114000,0.106500,0.106500,0.105400,0.107700,0.111000,0.107000
Cycle_46	39106,30.5,0.130800,0.118400,0.086200,0.106900,0.115100,0.107200,0.117200,0.121600,0.115600,0.117100,0.113000,0.114800,0.122900,0.126700,0.120200,0.105000,0.111000,0.115400,0.123500,0.120400,0.118300,0.117700,0.120300,0.115500,0.123300,0.112900,0.088600,0.108100,0.110600,0.105600,0.107200,0.105800,0.108600,0.112400,0.111100,0.116300,0.114000,0.121900,0.117200,0.108100,0.110300,0.113300,0.113400,0.110800,0.109400,0.114200,0.118200,0.113700,0.122300,0.114600,0.082800,0.104900,0.119400,0.112700,0.120800,0.109900,0.115000,0.112800,0.110700,0.107900,0.106600,0.124400,0.118900,0.107500,0.105000,0.112600,0.124700,0.113500,0.121500,0.111600,0.124000,0.110300,0.116500,0.114100,0.083500,0.109900,0.121700,0.112400,0.115700,0.109500,0.109100,0.114700,0.109100,0.107000,0.116300,0.114900,0.110600,0.097800,0.109000,0.112300,0.107400,0.106800,0.107600,0.110000,0.112900,0.111200
Cycle_47	39956,30.1,0.131500,0.120000,0.092800,0.108400,0.115900,0.109400,0.119400,0.120300,0.120400,0.117800,0.113400,0.115700,0.125000,0.129900,0.123000,0.105800,0.111600,0.116000,0.124400,0.120000,0.117400,0.118500,0.119800,0.117100,0.125600,0.115900,0.089400,0.112100,0.112900,0.109500,0.109800,0.107300,0.110300,0.115900,0.114300,0.116700,0.120100,0.124000,0.117100,0.107600,0.113000,0.116100,0.115300,0.113600,0.112500,0.116600,0.121000,0.115600,0.129400,0.120100,0.086300,0.106500,0.121200,0.112400,0.122300,0.114100,0.115800,0.113800,0.111000,0.111400,0.109900,0.126300,0.125100,0.108900,0.107200,0.115100,0.127200,0.112600,0.122700,0.113300,0.124100,0.116000,0.120700,0.116100,0.084300,0.112700,0.125300,0.116100,0.119800,0.111400,0.112600,0.118000,0.109400,0.107700,0.121400,0.114700,0.113000,0.098700,0.109200,0.113900,0.110600,0.108200,0.110900,0.108600,0.113800,0.111400
Cycle_48	40806,30.2,0.138400,0.124500,0.086100,0.109400,0.119800,0.113300,0.123100,0.125800,0.121900,0.121800,0.119000,0.121000,0.129100,0.133600,0.128200,0.109400,0.115200,0.119400,0.130600,0.126800,0.123200,0.122700,0.123400,0.120700,0.130500,0.118700,0.093600,0.113000,0.116100,0.111200,0.111400,0.109300,0.113300,0.117000,0.116600,0.120300,0.119200,0.127500,0.122200,0.112700,0.113800,0.118700,0.119200,0.117000,0.112500,0.118700,0.124400,0.117700,0.130100,0.122500,0.083800,0.108000,0.125200,0.114400,0.125400,0.116000,0.118000,0.116900,0.115100,0.112200,0.111900,0.132200,0.124800,0.109100,0.107400,0.117400,0.134000,0.114500,0.124600,0.121200,0.129400,0.116700,0.122800,0.116600,0.083900,0.112600,0.128800,0.123000,0.122000,0.114300,0.114500,0.120800,0.111900,0.110800,0.121100,0.118000,0.115700,0.103000,0.111200,0.119300,0.115100,0.109600,0.114100,0.111600,0.117200,0.114100
Cycle_49	41656,30.5,0.141100,0.128300,0.087900,0.112000,0.123200,0.111600,0.124500,0.130500,0.128500,0.122600,0.120700,0.120000,0.134700,0.137500,0.134400,0.107500,0.112400,0.120100,0.135100,0.131400,0.127700,0.122600,0.126600,0.125600,0.132900,0.120700,0.091600,0.114900,0.117100,0.111700,0.115500,0.111300,0.114600,0.119700,0.116400,0.122200,0.124700,0.128700,0.123100,0.111700,0.115200,0.120400,0.123500,0.123400,0.114700,0.122400,0.127700,0.122600,0.133600,0.126000,0.087400,0.110300,0.126100,0.117800,0.129900,0.119700,0.121400,0.116700,0.115600,0.113600,0.114700,0.135700,0.130600,0.111300,0.107700,0.117300,0.135600,0.118000,0.127900,0.118600,0.129300,0.119300,0.125900,0.122200,0.084200,0.115900,0.130500,0.119300,0.126800,0.116700,0.121400,0.122900,0.114500,0.114700,0.125000,0.118800,0.117400,0.101300,0.113200,0.119900,0.115200,0.112700,0.113600,0.116400,0.120800,0.118900
Cycle_50	42507,30.2,0.148300,0.130100,0.088900,0.113900,0.123800,0.114100,0.129300,0.136300,0.127400,0.127200,0.121800,0.125500,0.140300,0.143300,0.137200,0.111600,0.117100,0.122800,0.138500,0.135100,0.129100,0.126800,0.130900,0.126800,0.136100,0.123900,0.099400,0.117300,0.119400,0.115200,0.114900,0.112400,0.115700,0.122900,0.122400,0.128500,0.127300,0.133200,0.131600,0.114600,0.120200,0.125900,0.126000,0.123900,0.121100,0.125200,0.129500,0.124500,0.140700,0.127800,0.082800,0.112600,0.131600,0.120900,0.131000,0.121900,0.123100,0.123900,0.115900,0.115600,0.119800,0.140900,0.138000,0.111700,0.108700,0.120900,0.140800,0.123700,0.135600,0.119700,0.136100,0.121700,0.128500,0.122000,0.084400,0.118400,0.131700,0.123400,0.125400,0.121200,0.118800,0.125600,0.118200,0.115400,0.127500,0.124300,0.121700,0.103200,0.116800,0.125200,0.119000,0.116600,0.117500,0.118100,0.123100,0.119800
Cycle_51	43357,30.3,0.152900,0.134300,0.096000,0.117100,0.128400,0.116200,0.130800,0.138800,0.129700,0.126700,0.119700,0.127000,0.144200,0.148000,0.146100,0.110300,0.116900,0.126400,0.146400,0.135800,0.134900,0.132300,0.133500,0.130000,0.140000,0.124500,0.088500,0.120300,0.122500,0.117200,0.119500,0.114900,0.116300,0.124200,0.124300,0.127600,0.130500,0.135400,0.130400,0.115400,0.126200,0.127900,0.130900,0.126200,0.121400,0.128000,0.131600,0.125400,0.141400,0.132600,0.082100,0.114100,0.130000,0.122500,0.135100,0.125200,0.127700,0.123900,0.119200,0.117900,0.119600,0.142400,0.136200,0.110500,0.110700,0.124200,0.146200,0.125400,0.138700,0.128300,0.140700,0.124700,0.130800,0.124400,0.084200,0.121100,0.136500,0.124400,0.131500,0.121700,0.120200,0.129600,0.118800,0.121200,0.132400,0.126100,0.123100,0.106800,0.116100,0.131600,0.124300,0.117800,0.121700,0.123000,0.124400,0.122500
Cycle_52	44207,30.2,0.159500,0.141500,0.102000,0.117700,0.129200,0.119900,0.133500,0.140500,0.135000,0.132800,0.125900,0.129500,0.150200,0.153700,0.146800,0.117300,0.120600,0.128600,0.147800,0.141300,0.137100,0.135700,0.143600,0.134400,0.143600,0.130300,0.092200,0.123700,0.126300,0.118600,0.122000,0.117500,0.121100,0.129500,0.128600,0.130300,0.134800,0.145000,0.136300,0.118800,0.124900,0.130100,0.132300,0.131500,0.123800,0.132100,0.139000,0.130300,0.152000,0.138700,0.084200,0.118000,0.135200,0.126400,0.139900,0.128600,0.133000,0.126900,0.123500,0.121900,0.127100,0.148100,0.142500,0.116800,0.113000,0.125200,0.151500,0.132500,0.141700,0.130800,0.150200,0.131200,0.136700,0.129300,0.086300,0.126900,0.143700,0.131900,0.134100,0.123600,0.126500,0.134600,0.125100,0.121700,0.136200,0.128600,0.130400,0.108700,0.123000,0.129800,0.130300,0.127100,0.123800,0.124800,0.129400,0.126500
Cycle_53	45057,29.9,0.166000,0.147900,0.096900,0.124000,0.131500,0.120900,0.137700,0.148900,0.138300,0.134500,0.128700,0.131300,0.155800,0.157700,0.154200,0.116100,0.124400,0.131500,0.155700,0.148300,0.143400,0.142400,0.146000,0.141000,0.148600,0.134400,0.090900,0.126600,0.130200,0.122300,0.124100,0.120700,0.123700,0.132500,0.135100,0.134400,0.139300,0.149900,0.137500,0.123400,0.130800,0.136900,0.140800,0.135200,0.126100,0.136200,0.139700,0.133800,0.153700,0.141600,0.086200,0.120000,0.137900,0.127200,0.144000,0.129600,0.133900,0.128300,0.126100,0.122100,0.128700,0.154000,0.150000,0.117000,0.115400,0.130500,0.156900,0.133000,0.147800,0.136900,0.154100,0.133400,0.139800,0.131700,0.087500,0.126900,0.147000,0.134400,0.140400,0.130500,0.131000,0.137300,0.127200,0.124800,0.139600,0.132500,0.132200,0.110700,0.123600,0.137900,0.130700,0.126600,0.128700,0.128100,0.135800,0.133100
Cycle_54	45907,30.1,0.172400,0.152300,0.094300,0.124200,0.133800,0.126400,0.142000,0.150700,0.141900,0.136600,0.130400,0.134100,0.162700,0.163700,0.160100,0.117000,0.123900,0.136200,0.159300,0.153500,0.148100,0.146400,0.153000,0.147300,0.154300,0.141500,0.092400,0.132800,0.135100,0.126000,0.127800,0.124700,0.130800,0.135800,0.136600,0.139100,0.147200,0.151000,0.145800,0.128300,0.133200,0.142900,0.144300,0.140900,0.132900,0.143400,0.147300,0.138300,0.161000,0.148800,0.084600,0.122300,0.140600,0.129500,0.146600,0.132300,0.139600,0.130600,0.128300,0.124700,0.133000,0.156100,0.155000,0.121000,0.119300,0.134700,0.167000,0.137400,0.154400,0.142000,0.160300,0.140600,0.146000,0.134800,0.088400,0.132500,0.149700,0.140400,0.143600,0.133400,0.133200,0.146100,0.132000,0.127000,0.144500,0.136300,0.140400,0.113900,0.128400,0.143500,0.135000,0.130100,0.131600,0.136600,0.139900,0.139200
Cycle_55	46757,30.5,0.176800,0.154600,0.103500,0.124000,0.134100,0.123900,0.142600,0.157900,0.143500,0.135900,0.130900,0.133000,0.164900,0.169900,0.162700,0.119300,0.125000,0.134500,0.163900,0.155900,0.151700,0.149900,0.156900,0.147600,0.159300,0.143300,0.095300,0.135300,0.139300,0.131500,0.130300,0.123600,0.133700,0.140800,0.144500,0.141500,0.152600,0.153600,0.146400,0.128900,0.132700,0.146900,0.143900,0.141500,0.136700,0.148700,0.150700,0.144100,0.169700,0.154300,0.088000,0.125300,0.143100,0.132900,0.149900,0.135400,0.141300,0.134400,0.127500,0.126000,0.142000,0.165400,0.161800,0.119600,0.117500,0.131300,0.166500,0.140900,0.158200,0.141900,0.161800,0.143300,0.151800,0.140600,0.089500,0.136700,0.155300,0.141700,0.149600,0.137100,0.139700,0.148500,0.137100,0.128900,0.148000,0.140200,0.142500,0.115600,0.129200,0.142600,0.140000,0.132600,0.134500,0.138900,0.142800,0.141100
Cycle_56	47607,30.0,0.186700,0.162200,0.116400,0.129700,0.142900,0.127800,0.148800,0.159100,0.147800,0.140300,0.133700,0.136900,0.173200,0.175900,0.170400,0.122700,0.127100,0.137700,0.170500,0.162200,0.157700,0.154800,0.163500,0.155100,0.165300,0.146500,0.092800,0.138700,0.143700,0.132300,0.132800,0.131800,0.134000,0.143800,0.143600,0.150300,0.155300,0.161800,0.151100,0.133500,0.140200,0.148500,0.151100,0.146300,0.138500,0.152000,0.156200,0.147300,0.173500,0.160500,0.094700,0.127400,0.146600,0.136100,0.160000,0.143300,0.144400,0.136400,0.135400,0.130100,0.144100,0.171800,0.164000,0.121700,0.120000,0.136700,0.173600,0.149600,0.162900,0.147800,0.170000,0.146900,0.156800,0.147000,0.089100,0.141300,0.164900,0.146600,0.155500,0.141200,0.147800,0.154100,0.142300,0.135100,0.156500,0.140700,0.146000,0.118600,0.133900,0.150000,0.148700,0.138900,0.143500,0.145700,0.151000,0.147700
Cycle_57	48457,30.2,0.189700,0.167900,0.091100,0.129300,0.141200,0.129700,0.152600,0.160400,0.149500,0.141000,0.137100,0.137000,0.181700,0.177900,0.175300,0.119800,0.129500,0.140700,0.178900,0.166300,0.165100,0.162200,0.168400,0.163100,0.173300,0.152800,0.092800,0.143500,0.150200,0.139600,0.141700,0.132700,0.138000,0.149200,0.149300,0.153300,0.160000,0.164000,0.158200,0.137100,0.144600,0.155900,0.156500,0.153600,0.143400,0.159500,0.162700,0.154600,0.184900,0.168500,0.085000,0.132400,0.149900,0.140700,0.160100,0.144300,0.148900,0.141100,0.134100,0.132300,0.145900,0.178500,0.169600,0.121600,0.126500,0.137200,0.185100,0.152600,0.172700,0.158300,0.179700,0.157500,0.161400,0.151500,0.090100,0.146000,0.168400,0.154500,0.159500,0.145300,0.147400,0.160900,0.145200,0.139600,0.161000,0.149200,0.155800,0.121000,0.141800,0.157500,0.152200,0.140400,0.146700,0.151900,0.158300,0.150700
Cycle_58	49308,30.2,0.202300,0.174100,0.100100,0.136300,0.148000,0.133400,0.157700,0.165600,0.154000,0.144100,0.142400,0.139900,0.189800,0.192800,0.183500,0.123300,0.130400,0.146800,0.187200,0.174000,0.171200,0.168900,0.174200,0.164100,0.180400,0.161200,0.095600,0.145400,0.152600,0.139300,0.142100,0.137700,0.145200,0.155600,0.156500,0.158200,0.170100,0.176900,0.168300,0.144200,0.153200,0.159100,0.165000,0.158600,0.147700,0.166400,0.169200,0.158800,0.195000,0.175500,0.095600,0.136100,0.154100,0.144000,0.164400,0.148200,0.153000,0.141100,0.137900,0.132400,0.155200,0.182500,0.179300,0.125800,0.127000,0.139800,0.191400,0.159800,0.178200,0.162400,0.188400,0.159900,0.171200,0.157300,0.091500,0.157300,0.175800,0.158700,0.168500,0.152300,0.158500,0.165300,0.157000,0.149800,0.164900,0.154000,0.156300,0.126900,0.144800,0.165600,0.160100,0.146200,0.154200,0.153600,0.165100,0.156400
Cycle_59	50158,30.0,0.219500,0.186300,0.095100,0.137900,0.146400,0.139100,0.163300,0.175900,0.166300,0.151500,0.141300,0.144700,0.203100,0.200700,0.197200,0.127700,0.136800,0.148800,0.200600,0.188000,0.179200,0.178400,0.186400,0.181000,0.192700,0.166600,0.098100,0.154100,0.160200,0.146100,0.146500,0.140900,0.150600,0.162400,0.163400,0.167900,0.178900,0.183200,0.175500,0.148300,0.156600,0.171000,0.171900,0.170100,0.153900,0.175300,0.178400,0.166200,0.203700,0.182700,0.089100,0.138200,0.158600,0.147700,0.170500,0.152500,0.160200,0.141700,0.141400,0.137500,0.164000,0.199500,0.189900,0.127200,0.127700,0.143200,0.204800,0.172600,0.189700,0.167700,0.199100,0.171700,0.179700,0.164200,0.092100,0.158200,0.185500,0.163600,0.174000,0.158100,0.160000,0.173200,0.159000,0.153400,0.173900,0.159100,0.165300,0.128400,0.151000,0.169700,0.163500,0.157900,0.160100,0.164700,0.170700,0.162400
Cycle_60	51008,29.9,0.231700,0.196500,0.091300,0.140100,0.152700,0.141500,0.169700,0.182700,0.170100,0.153000,0.146000,0.147700,0.212300,0.218600,0.206000,0.128800,0.137900,0.151600,0.209500,0.195600,0.189400,0.185500,0.194900,0.186000,0.197300,0.174900,0.100200,0.166600,0.167400,0.154700,0.155600,0.148800,0.154100,0.167800,0.171400,0.174700,0.188700,0.196000,0.182400,0.157700,0.163100,0.179700,0.179300,0.177100,0.165900,0.182400,0.186900,0.172300,0.215300,0.194600,0.089400,0.142100,0.166800,0.156900,0.178200,0.158800,0.165400,0.147400,0.145000,0.139200,0.165500,0.206100,0.197300,0.130500,0.129700,0.154300,0.219200,0.178600,0.199300,0.172700,0.210700,0.178600,0.183900,0.169100,0.097000,0.165400,0.194900,0.173300,0.181300,0.166700,0.169600,0.181300,0.165500,0.157700,0.185400,0.167400,0.174200,0.134900,0.156200,0.181100,0.175100,0.161100,0.168100,0.168800,0.180300,0.171400
Cycle_61	51858,30.0,0.233900,0.202300,0.093500,0.141800,0.155200,0.146100,0.171400,0.185300,0.170300,0.152200,0.146400,0.147500,0.218700,0.223500,0.210400,0.128900,0.137500,0.156300,0.217000,0.201900,0.193900,0.195400,0.200700,0.193300,0.207300,0.180600,0.102600,0.170200,0.175400,0.160200,0.160700,0.149500,0.159100,0.175700,0.177200,0.180400,0.192200,0.203900,0.188700,0.159600,0.167200,0.186500,0.190500,0.182800,0.168000,0.189200,0.194800,0.179700,0.224900,0.204100,0.089300,0.148800,0.167700,0.154700,0.182200,0.164400,0.169900,0.149100,0.144600,0.137000,0.175100,0.215800,0.205100,0.130900,0.130500,0.149200,0.224800,0.182900,0.205500,0.180900,0.218000,0.187100,0.196800,0.176000,0.095500,0.173600,0.206700,0.182700,0.192900,0.169200,0.178000,0.187400,0.173100,0.160400,0.189100,0.176400,0.181600,0.142100,0.161200,0.187700,0.176500,0.168700,0.168000,0.174700,0.186300,0.179900
Cycle_62	52708,30.0,0.246300,0.211000,0.097700,0.147200,0.158200,0.145700,0.174100,0.192900,0.174900,0.153200,0.148800,0.150300,0.227200,0.228900,0.222000,0.133200,0.141400,0.152100,0.226600,0.210200,0.201200,0.201000,0.214400,0.205000,0.216600,0.193800,0.103900,0.174000,0.181000,0.162800,0.163600,0.156700,0.163500,0.181000,0.186300,0.187800,0.201400,0.209400,0.198400,0.165500,0.176700,0.197400,0.197900,0.185200,0.173800,0.194400,0.198900,0.192400,0.236300,0.213700,0.090700,0.146600,0.172700,0.158300,0.189000,0.167400,0.176700,0.152100,0.146100,0.140000,0.183900,0.226400,0.214800,0.129900,0.134400,0.151500,0.234300,0.195400,0.218400,0.190300,0.229100,0.194200,0.203000,0.187600,0.098100,0.181100,0.209100,0.186000,0.199600,0.179400,0.183600,0.198000,0.184800,0.171800,0.196000,0.183200,0.189200,0.144300,0.165000,0.198500,0.189000,0.174600,0.179700,0.185600,0.197200,0.186200
Cycle_63	53558,30.1,0.263800,0.231800,0.097400,0.152200,0.167300,0.154900,0.182500,0.199900,0.181900,0.160400,0.155800,0.156400,0.248500,0.248800,0.241000,0.134500,0.146200,0.158400,0.243700,0.227000,0.215500,0.215700,0.228100,0.215600,0.226100,0.202300,0.106400,0.182700,0.192600,0.168600,0.172300,0.164300,0.176700,0.187500,0.193500,0.200300,0.217000,0.223500,0.208400,0.175600,0.186500,0.206300,0.204700,0.197400,0.181500,0.205000,0.207800,0.204000,0.251800,0.226600,0.092400,0.155900,0.180000,0.164700,0.194900,0.173100,0.182100,0.153500,0.154300,0.142400,0.192400,0.239400,0.230300,0.134000,0.136100,0.158000,0.247900,0.211100,0.230600,0.202600,0.247800,0.206400,0.214000,0.197900,0.098600,0.187000,0.225300,0.199000,0.210500,0.186900,0.192600,0.209700,0.191400,0.178500,0.207800,0.194600,0.194700,0.147600,0.177600,0.203500,0.196600,0.184400,0.187300,0.195600,0.205100,0.197700
Cycle_64	54408,30.2,0.276300,0.241800,0.098000,0.154000,0.173600,0.157300,0.188800,0.205600,0.191200,0.163600,0.156700,0.156300,0.254900,0.258200,0.247000,0.135200,0.149600,0.162000,0.254200,0.234300,0.222700,0.222500,0.234500,0.225300,0.240900,0.213100,0.111800,0.193500,0.201400,0.180400,0.181700,0.172600,0.180500,0.201200,0.203000,0.208800,0.230000,0.236000,0.219400,0.185200,0.194400,0.216000,0.217000,0.207400,0.191800,0.215700,0.217600,0.207900,0.265000,0.238100,0.093100,0.159900,0.185900,0.170500,0.200100,0.177500,0.184500,0.158500,0.152100,0.145500,0.203400,0.248000,0.241100,0.137300,0.140200,0.159100,0.263700,0.214300,0.240900,0.209800,0.255200,0.218300,0.225000,0.205600,0.102000,0.200300,0.235000,0.208600,0.222100,0.199000,0.203200,0.219200,0.200200,0.189400,0.218000,0.198200,0.209000,0.156300,0.183800,0.216100,0.208100,0.190800,0.201300,0.203700,0.218100,0.206200
Cycle_65	55259,30.1,0.292000,0.251100,0.103100,0.160700,0.175200,0.160100,0.193900,0.214000,0.192100,0.165600,0.155900,0.157600,0.270700,0.267100,0.261800,0.138300,0.152000,0.162500,0.268100,0.246500,0.235500,0.237200,0.248900,0.237100,0.251300,0.223700,0.110600,0.203700,0.210800,0.184300,0.187100,0.179600,0.189300,0.207000,0.216200,0.216500,0.243300,0.242200,0.235800,0.193700,0.203000,0.225300,0.229000,0.219300,0.203000,0.230600,0.233900,0.222500,0.279500,0.251500,0.096700,0.161700,0.191800,0.175600,0.206600,0.181700,0.188000,0.160900,0.156700,0.148100,0.215200,0.259900,0.256300,0.139500,0.142500,0.164600,0.281900,0.228700,0.250300,0.221600,0.272900,0.229100,0.236900,0.214200,0.108400,0.210000,0.246800,0.218600,0.236500,0.206200,0.214300,0.234300,0.215300,0.198800,0.230900,0.207300,0.218300,0.164500,0.189800,0.234600,0.217400,0.201700,0.209800,0.213500,0.229800,0.222700
Cycle_66	56109,30.4,0.300300,0.265000,0.104000,0.163200,0.176800,0.164900,0.199400,0.220300,0.200900,0.167000,0.162000,0.164800,0.280100,0.281300,0.271900,0.141300,0.152900,0.167600,0.278000,0.258500,0.244400,0.246500,0.257800,0.249600,0.266100,0.235000,0.114100,0.215000,0.222100,0.194800,0.198200,0.184500,0.195800,0.220200,0.226300,0.230900,0.249200,0.261500,0.244400,0.202800,0.215700,0.233600,0.241400,0.228000,0.210600,0.239900,0.244700,0.230300,0.292400,0.265800,0.096100,0.170700,0.198200,0.185100,0.214300,0.186900,0.198300,0.165700,0.158400,0.153000,0.220500,0.274900,0.264200,0.145700,0.146900,0.168000,0.286400,0.240100,0.264700,0.230800,0.283300,0.239500,0.249500,0.225500,0.107400,0.221500,0.258300,0.229800,0.242200,0.218500,0.224700,0.242600,0.223000,0.207300,0.241000,0.225500,0.226500,0.168100,0.202900,0.240900,0.229600,0.214700,0.219800,0.230700,0.241300,0.230900
Cycle_67	56959,30.4,0.319700,0.277200,0.104200,0.169800,0.183700,0.169800,0.207400,0.230800,0.207200,0.173000,0.163400,0.166300,0.297300,0.303400,0.290000,0.145800,0.157800,0.175100,0.291300,0.273400,0.260300,0.257500,0.271800,0.260300,0.277800,0.249500,0.119000,0.227400,0.233900,0.207900,0.205000,0.195700,0.205700,0.229300,0.236600,0.245200,0.261600,0.273100,0.256500,0.215300,0.225100,0.248500,0.248600,0.240800,0.218800,0.250900,0.251400,0.242100,0.310100,0.280800,0.103000,0.175800,0.204700,0.190200,0.220200,0.194600,0.205200,0.167900,0.165300,0.158700,0.235800,0.289500,0.277000,0.144500,0.146400,0.173100,0.308400,0.254900,0.279900,0.248800,0.289300,0.252300,0.266500,0.242000,0.113700,0.233900,0.274700,0.241000,0.259000,0.233600,0.240500,0.260700,0.237300,0.220700,0.255400,0.232800,0.243500,0.181800,0.212700,0.256200,0.242600,0.228000,0.236300,0.237300,0.252700,0.241900
Cycle_68	57809,30.4,0.334600,0.289200,0.109200,0.174000,0.194600,0.174800,0.212100,0.236500,0.212300,0.178500,0.166000,0.170900,0.309100,0.309000,0.301000,0.147500,0.163000,0.175800,0.309900,0.290300,0.269800,0.272500,0.286200,0.274800,0.285900,0.257600,0.118400,0.236700,0.242700,0.217700,0.219000,0.207700,0.218300,0.240700,0.246800,0.255500,0.273600,0.287600,0.268000,0.230200,0.236100,0.260700,0.264500,0.252700,0.230000,0.263800,0.269100,0.258300,0.321400,0.293700,0.099100,0.185300,0.210500,0.195200,0.229000,0.203100,0.209600,0.171400,0.165000,0.157900,0.249800,0.302500,0.291200,0.147100,0.150100,0.180600,0.318100,0.265600,0.287600,0.255600,0.307800,0.263400,0.279500,0.253500,0.114200,0.246200,0.281800,0.254200,0.274500,0.242500,0.252400,0.269000,0.247200,0.229000,0.261600,0.242100,0.253800,0.188200,0.220500,0.266100,0.256600,0.234500,0.240600,0.247900,0.267200,0.255000
Cycle_69	58659,30.1,0.349700,0.307100,0.110100,0.181000,0.198800,0.181000,0.217400,0.246500,0.216800,0.177000,0.168200,0.171400,0.324600,0.327800,0.314100,0.150800,0.163500,0.183400,0.321900,0.301100,0.285400,0.293000,0.298600,0.288800,0.299900,0.272000,0.124900,0.256300,0.259000,0.224600,0.229400,0.216100,0.229900,0.251500,0.262700,0.266800,0.289200,0.295000,0.279700,0.234300,0.246000,0.275500,0.271900,0.267900,0.243200,0.276500,0.280900,0.267900,0.337800,0.309900,0.104800,0.187300,0.218100,0.206300,0.238500,0.205100,0.218900,0.171400,0.166500,0.160300,0.258000,0.315800,0.308300,0.149800,0.150600,0.179600,0.333800,0.280000,0.305600,0.270700,0.324500,0.280000,0.292700,0.261200,0.117300,0.256800,0.298000,0.266400,0.287400,0.254600,0.266100,0.287200,0.261300,0.239600,0.277000,0.254200,0.266100,0.192000,0.231700,0.282200,0.265600,0.249900,0.253900,0.260900,0.276700,0.267400
Cycle_70	59509,30.2,0.367800,0.321300,0.109300,0.188700,0.204500,0.187800,0.225700,0.252700,0.223600,0.183200,0.173000,0.176000,0.344800,0.344600,0.328900,0.155500,0.170900,0.190400,0.337500,0.323200,0.300400,0.304600,0.310800,0.301100,0.314200,0.287700,0.129600,0.262800,0.269500,0.236700,0.241800,0.228900,0.243700,0.265900,0.273500,0.281600,0.307900,0.317600,0.299800,0.249000,0.261300,0.289200,0.289800,0.280200,0.251800,0.291300,0.291700,0.283100,0.354700,0.323200,0.108100,0.194500,0.228200,0.208200,0.244600,0.213600,0.222300,0.177600,0.173500,0.166400,0.274700,0.333400,0.325200,0.155400,0.156900,0.189200,0.353200,0.296000,0.318900,0.284500,0.339600,0.292600,0.304100,0.273700,0.124000,0.270300,0.310500,0.277800,0.302200,0.266800,0.278400,0.299500,0.275000,0.254700,0.291900,0.268600,0.281400,0.204500,0.246100,0.294600,0.280100,0.261000,0.271600,0.277200,0.291700,0.280500
Cycle_71	60359,30.0,0.396500,0.351200,0.112600,0.199900,0.213200,0.201900,0.238600,0.267200,0.236700,0.188100,0.179200,0.180700,0.367400,0.369400,0.356800,0.160500,0.175000,0.204500,0.362200,0.337900,0.320000,0.328300,0.336400,0.315500,0.331700,0.303100,0.136100,0.278800,0.288300,0.256900,0.255600,0.241200,0.256100,0.281500,0.297100,0.301500,0.323600,0.330000,0.317800,0.271000,0.280500,0.304100,0.308800,0.298900,0.266100,0.308800,0.308400,0.297900,0.378600,0.343400,0.108800,0.204100,0.237800,0.217100,0.256000,0.224400,0.237300,0.183400,0.180400,0.169300,0.292700,0.359900,0.347200,0.158900,0.166000,0.195600,0.372300,0.313800,0.342500,0.303000,0.355000,0.310700,0.317300,0.289500,0.125000,0.286000,0.330100,0.296200,0.315400,0.284200,0.290300,0.313600,0.291000,0.273000,0.307100,0.287900,0.300600,0.222300,0.262400,0.308600,0.303300,0.280200,0.283600,0.291800,0.312900,0.296200
Cycle_72	61209,30.4,0.405200,0.361100,0.117300,0.201100,0.220400,0.206300,0.240900,0.268700,0.241100,0.187400,0.176600,0.179800,0.378900,0.371600,0.365700,0.160300,0.179000,0.201100,0.373700,0.349100,0.329100,0.329100,0.346900,0.326500,0.347700,0.316600,0.141600,0.291500,0.297900,0.263500,0.265700,0.251500,0.268700,0.294000,0.301000,0.309500,0.335900,0.341000,0.329600,0.275300,0.291200,0.316500,0.315100,0.309000,0.274600,0.315900,0.325000,0.312000,0.390700,0.358500,0.111300,0.213500,0.244600,0.226400,0.258200,0.228200,0.240000,0.182600,0.178300,0.171000,0.304700,0.363600,0.356100,0.160400,0.163800,0.198300,0.383800,0.327200,0.353000,0.310200,0.374000,0.326600,0.331000,0.303000,0.131600,0.301700,0.338700,0.306900,0.327600,0.294500,0.299400,0.326600,0.306200,0.282500,0.312600,0.296300,0.308100,0.230300,0.267300,0.317900,0.305000,0.288900,0.288800,0.303600,0.324400,0.304100
Cycle_73	62060,30.2,0.420500,0.375500,0.119900,0.211300,0.230900,0.212700,0.250200,0.283500,0.248900,0.193500,0.180100,0.186200,0.392500,0.390800,0.382000,0.165300,0.184900,0.209000,0.388400,0.362500,0.347400,0.346400,0.360300,0.342500,0.357500,0.329500,0.147800,0.303600,0.314700,0.279800,0.284900,0.264800,0.280500,0.307900,0.318000,0.324200,0.350300,0.356500,0.343200,0.289800,0.301000,0.332300,0.330100,0.321600,0.291900,0.336000,0.340100,0.322100,0.406200,0.372600,0.114600,0.222300,0.255200,0.236800,0.268500,0.238600,0.249500,0.189300,0.182900,0.172700,0.319200,0.383000,0.372000,0.165700,0.170500,0.204900,0.400800,0.343800,0.368500,0.334000,0.389700,0.336100,0.340800,0.311300,0.134400,0.310800,0.356200,0.322800,0.342600,0.311000,0.317000,0.345200,0.319100,0.297000,0.326100,0.314700,0.323700,0.242600,0.280600,0.336500,0.321600,0.302300,0.299000,0.323400,0.340600,0.321100
Cycle_74	62910,30.0,0.445600,0.395500,0.125300,0.222300,0.244900,0.223100,0.261000,0.294000,0.260400,0.198700,0.185400,0.187500,0.412800,0.414000,0.403700,0.171100,0.191700,0.216800,0.409600,0.388600,0.364800,0.367100,0.376600,0.358600,0.378000,0.347800,0.155600,0.319400,0.326200,0.295700,0.298400,0.280100,0.298200,0.325300,0.334700,0.345000,0.371600,0.379700,0.361700,0.308700,0.326800,0.352300,0.353100,0.339300,0.305500,0.350900,0.360300,0.342500,0.427600,0.394800,0.120900,0.227500,0.269000,0.246800,0.279700,0.244800,0.257100,0.189900,0.185100,0.177400,0.338600,0.398600,0.394000,0.171100,0.181400,0.216300,0.425800,0.363000,0.391700,0.343100,0.406300,0.357000,0.366000,0.335800,0.142600,0.326900,0.373600,0.339000,0.358100,0.325900,0.335300,0.355600,0.335100,0.312600,0.349700,0.326600,0.345400,0.259500,0.307200,0.357400,0.341800,0.322400,0.321400,0.338100,0.353800,0.338900
Cycle_75	63760,30.1,0.461900,0.412000,0.131300,0.233900,0.250500,0.236900,0.269800,0.297300,0.266100,0.200300,0.191000,0.188900,0.431900,0.430600,0.425100,0.175600,0.198900,0.222900,0.428100,0.404900,0.384300,0.379900,0.393400,0.375900,0.399100,0.364700,0.162200,0.336600,0.342100,0.308400,0.311300,0.290600,0.311400,0.346600,0.352500,0.362000,0.386500,0.398800,0.379100,0.325500,0.341400,0.369700,0.366500,0.350800,0.317300,0.366400,0.371200,0.360200,0.439500,0.406000,0.126700,0.237400,0.272900,0.257300,0.284900,0.252900,0.265400,0.193200,0.189600,0.177500,0.354100,0.416800,0.409800,0.174200,0.179000,0.221400,0.444400,0.376500,0.408600,0.362800,0.422600,0.370200,0.376000,0.347800,0.154500,0.342300,0.384100,0.352300,0.375500,0.337500,0.342400,0.375000,0.350100,0.325900,0.358700,0.332900,0.354100,0.265100,0.315700,0.366800,0.358800,0.334700,0.331300,0.350400,0.371300,0.354400
Cycle_76	64610,30.2,0.459300,0.419300,0.132400,0.236600,0.249100,0.236300,0.269700,0.299400,0.271500,0.199900,0.188700,0.190900,0.432800,0.437700,0.427300,0.175700,0.197200,0.227000,0.440700,0.412100,0.391900,0.388400,0.402300,0.384700,0.407000,0.370300,0.168300,0.345200,0.352900,0.316000,0.319500,0.300800,0.320000,0.348500,0.360400,0.370300,0.392400,0.396300,0.382700,0.329800,0.348700,0.377100,0.375600,0.364100,0.325800,0.375500,0.378900,0.372900,0.446600,0.419200,0.126100,0.241300,0.278900,0.262500,0.289700,0.254800,0.269700,0.195900,0.191200,0.179200,0.364200,0.420400,0.411200,0.175800,0.183700,0.227500,0.456600,0.389000,0.415700,0.372200,0.433000,0.384400,0.385300,0.362800,0.155600,0.352800,0.403700,0.365400,0.382500,0.353400,0.361500,0.387700,0.365100,0.337900,0.375200,0.348100,0.366800,0.276400,0.326300,0.379700,0.369300,0.345400,0.346600,0.362200,0.380900,0.364800
Cycle_77	65460,30.5,0.477300,0.436100,0.135300,0.242000,0.264100,0.244400,0.278600,0.309600,0.276800,0.203500,0.191800,0.197800,0.450600,0.450400,0.441800,0.180600,0.203400,0.237700,0.453400,0.431000,0.406000,0.408400,0.420600,0.401100,0.417300,0.390600,0.178800,0.362100,0.365500,0.332300,0.335400,0.317900,0.337100,0.363900,0.377000,0.385400,0.410000,0.420400,0.402100,0.344400,0.356300,0.391400,0.393300,0.377500,0.341100,0.395000,0.399700,0.387600,0.462700,0.435300,0.131000,0.250800,0.287500,0.267800,0.298400,0.264500,0.279800,0.199900,0.192700,0.181000,0.383000,0.440200,0.434100,0.181400,0.189100,0.229500,0.463700,0.406900,0.436800,0.388700,0.446800,0.394700,0.409200,0.381000,0.163200,0.374500,0.418900,0.384100,0.402800,0.367200,0.376100,0.406800,0.381200,0.354700,0.389600,0.366900,0.379500,0.294900,0.340800,0.395700,0.381900,0.362400,0.361900,0.380500,0.397000,0.379600
Cycle_78	66310,29.9,0.487900,0.450800,0.139900,0.256000,0.272300,0.254400,0.286300,0.318400,0.284400,0.206700,0.196000,0.199900,0.465500,0.466800,0.459300,0.188900,0.210100,0.242300,0.466000,0.448800,0.425300,0.421600,0.430200,0.416000,0.432800,0.406400,0.189000,0.380000,0.388700,0.345800,0.349600,0.329500,0.354100,0.379800,0.393700,0.404500,0.428000,0.429600,0.418400,0.362700,0.383400,0.408100,0.405900,0.393800,0.356700,0.409100,0.415600,0.398400,0.474400,0.447600,0.137200,0.259400,0.296000,0.278600,0.308100,0.272900,0.283300,0.207100,0.194400,0.186200,0.395700,0.451500,0.446800,0.186300,0.196100,0.242000,0.477900,0.425800,0.450900,0.410300,0.462700,0.417600,0.418300,0.392800,0.171600,0.384400,0.430900,0.402800,0.418800,0.382500,0.387200,0.419400,0.396600,0.367200,0.403400,0.385600,0.394200,0.306000,0.351900,0.409700,0.393200,0.373000,0.370800,0.394000,0.412800,0.396500
Cycle_79	67160,30.4,0.510400,0.471200,0.149000,0.265300,0.288000,0.267700,0.299100,0.332900,0.298500,0.214300,0.202000,0.202800,0.490700,0.490900,0.479500,0.196400,0.218100,0.254500,0.491000,0.469900,0.447100,0.438400,0.449600,0.434100,0.456200,0.430500,0.198300,0.396500,0.401900,0.365800,0.366000,0.346600,0.369500,0.401200,0.417000,0.428600,0.446800,0.454500,0.442600,0.382700,0.390800,0.424900,0.428600,0.414500,0.370800,0.425700,0.432700,0.414800,0.490400,0.465600,0.144400,0.269200,0.307200,0.292200,0.318900,0.280300,0.292400,0.208400,0.198600,0.189200,0.411100,0.470100,0.466500,0.191200,0.199200,0.249100,0.499400,0.450600,0.473000,0.424000,0.483100,0.429000,0.434500,0.406200,0.180400,0.404000,0.447000,0.414500,0.435500,0.401900,0.401100,0.436000,0.411500,0.388700,0.418600,0.404000,0.413000,0.321300,0.365100,0.424700,0.417400,0.391700,0.388800,0.409500,0.436900,0.414900
Cycle_80	68010,30.2,0.511100,0.478700,0.154600,0.270600,0.288800,0.272600,0.305800,0.334900,0.295600,0.212300,0.202300,0.205300,0.494000,0.496800,0.486000,0.197200,0.223000,0.256900,0.498000,0.473900,0.457400,0.447700,0.461100,0.440700,0.461200,0.437700,0.206000,0.409200,0.412500,0.373300,0.377600,0.358600,0.378700,0.414400,0.426600,0.437800,0.456500,0.461700,0.450500,0.393800,0.405800,0.433400,0.439000,0.424300,0.380800,0.441000,0.445300,0.433300,0.501000,0.475600,0.145600,0.276000,0.313400,0.296900,0.323100,0.284600,0.301000,0.210700,0.202300,0.188300,0.426600,0.482100,0.474700,0.191600,0.203400,0.249800,0.503600,0.457200,0.482100,0.433300,0.489500,0.446600,0.442400,0.415200,0.187900,0.418300,0.458800,0.425100,0.442300,0.411300,0.414100,0.446300,0.425000,0.401600,0.432000,0.413900,0.430000,0.329800,0.380400,0.436200,0.427900,0.408700,0.398400,0.425900,0.441700,0.427500
Cycle_81	68861,30.5,0.537200,0.496900,0.164900,0.283200,0.301400,0.285100,0.314100,0.350500,0.312500,0.218300,0.203400,0.206300,0.511100,0.518200,0.513100,0.206800,0.232100,0.266900,0.515800,0.499400,0.478700,0.466600,0.481100,0.460500,0.478000,0.457600,0.214700,0.427700,0.434300,0.394300,0.394300,0.376900,0.397100,0.436200,0.449800,0.454000,0.475200,0.486500,0.474300,0.420800,0.428800,0.459600,0.457600,0.449200,0.399400,0.463400,0.468800,0.450500,0.512500,0.486200,0.152600,0.287300,0.321800,0.307400,0.332700,0.297300,0.312000,0.214000,0.209000,0.194300,0.447300,0.501300,0.494400,0.200100,0.214500,0.261700,0.526800,0.485600,0.499400,0.455900,0.512900,0.464300,0.473100,0.434400,0.199300,0.435800,0.484700,0.446600,0.469800,0.429600,0.439800,0.470100,0.443100,0.424900,0.449900,0.432100,0.446500,0.354300,0.405300,0.461900,0.452200,0.428200,0.421000,0.442900,0.468000,0.452400
Cycle_82	69711,30.3,0.527700,0.499700,0.165400,0.284000,0.303800,0.291300,0.314800,0.350400,0.312100,0.222700,0.205200,0.208400,0.508200,0.516800,0.508200,0.203100,0.233800,0.264400,0.514000,0.494600,0.476600,0.472300,0.479600,0.465100,0.483000,0.462500,0.223900,0.436300,0.440900,0.406900,0.411500,0.387400,0.409000,0.441600,0.454400,0.464600,0.483800,0.495800,0.479700,0.426000,0.437500,0.459400,0.466900,0.451100,0.404900,0.460000,0.467000,0.458100,0.514900,0.496300,0.157500,0.292900,0.332000,0.312500,0.341900,0.300500,0.313200,0.213400,0.208400,0.194900,0.453400,0.506600,0.489800,0.205000,0.217800,0.265800,0.522600,0.485200,0.498900,0.462300,0.508800,0.468500,0.473800,0.442100,0.207400,0.451900,0.485100,0.457400,0.472300,0.438000,0.443800,0.477800,0.455600,0.432100,0.459900,0.434200,0.452400,0.358600,0.415300,0.464800,0.456400,0.431800,0.427100,0.449600,0.471600,0.454800
Cycle_83	70561,30.0,0.547900,0.516100,0.178900,0.300200,0.318700,0.303300,0.330600,0.362800,0.324200,0.228500,0.211800,0.214900,0.525900,0.533700,0.528500,0.215300,0.247600,0.281600,0.528100,0.512400,0.492900,0.489500,0.502500,0.479800,0.505000,0.481400,0.240000,0.454200,0.459300,0.429500,0.428800,0.411000,0.432000,0.462400,0.472900,0.485200,0.502200,0.508200,0.496400,0.446800,0.457500,0.481400,0.478900,0.469500,0.423200,0.487500,0.489000,0.476700,0.530400,0.506600,0.166900,0.306400,0.336900,0.324200,0.352400,0.311200,0.326200,0.219500,0.214300,0.200800,0.475500,0.523100,0.511500,0.210400,0.224600,0.277000,0.533800,0.506000,0.513100,0.478700,0.527900,0.486700,0.492000,0.459200,0.220400,0.470300,0.500300,0.469200,0.486400,0.455800,0.457000,0.496900,0.473800,0.451500,0.476300,0.462700,0.471500,0.380800,0.432800,0.480400,0.473600,0.453900,0.439900,0.474900,0.488800,0.473100
Cycle_84	71411,30.2,0.555100,0.527500,0.185500,0.308900,0.328100,0.311700,0.337800,0.372800,0.334200,0.227900,0.213600,0.218300,0.539500,0.544700,0.537400,0.225400,0.254900,0.287300,0.539700,0.529900,0.505100,0.497500,0.510900,0.486700,0.510900,0.501200,0.249200,0.475600,0.471200,0.445000,0.445700,0.426300,0.445000,0.475100,0.490900,0.498200,0.512100,0.519300,0.513500,0.463500,0.473400,0.492400,0.490600,0.481600,0.431300,0.496200,0.497400,0.484100,0.534800,0.516000,0.174600,0.309700,0.348700,0.333100,0.357900,0.320100,0.334000,0.221400,0.214200,0.202400,0.490700,0.529000,0.525700,0.216000,0.238100,0.287200,0.542200,0.512600,0.519700,0.493000,0.533000,0.499100,0.504900,0.477700,0.229900,0.479400,0.514700,0.485900,0.492900,0.470900,0.470700,0.508200,0.482900,0.471800,0.487700,0.472200,0.488100,0.403000,0.456000,0.495000,0.486000,0.470200,0.455400,0.496100,0.502900,0.484600
Cycle_85	72261,30.0,0.560600,0.534100,0.195200,0.318000,0.333000,0.324300,0.349100,0.381900,0.342800,0.237600,0.216500,0.219300,0.541000,0.551100,0.547800,0.230700,0.262400,0.296700,0.551300,0.535000,0.511800,0.507600,0.514900,0.500200,0.522400,0.502000,0.265900,0.481900,0.487800,0.452900,0.458000,0.435900,0.462400,0.490700,0.498200,0.510900,0.521500,0.531600,0.524200,0.479300,0.485500,0.507800,0.505100,0.497200,0.442400,0.507500,0.507800,0.504700,0.546600,0.527200,0.180900,0.321100,0.355600,0.341900,0.366500,0.326900,0.345900,0.226100,0.218400,0.208300,0.495400,0.535100,0.528900,0.227000,0.240600,0.296500,0.554800,0.527100,0.534200,0.503400,0.542900,0.507100,0.511500,0.481500,0.243400,0.499600,0.517400,0.497100,0.508700,0.479200,0.484400,0.520000,0.497800,0.484800,0.493700,0.483800,0.489800,0.413600,0.463300,0.506000,0.497100,0.480200,0.465700,0.496600,0.516300,0.496300
Cycle_86	73111,30.4,0.571400,0.540100,0.205000,0.326600,0.343300,0.330900,0.357000,0.388100,0.350100,0.231500,0.223100,0.221500,0.550700,0.560700,0.554000,0.238000,0.263800,0.305100,0.557300,0.540600,0.516100,0.522600,0.521700,0.503900,0.524100,0.516700,0.280200,0.494300,0.495100,0.467100,0.469000,0.450600,0.478800,0.498000,0.510300,0.521300,0.532700,0.542600,0.532700,0.490100,0.498400,0.517200,0.516600,0.504400,0.452100,0.513200,0.520100,0.505900,0.551000,0.529500,0.190900,0.329400,0.358800,0.350400,0.376900,0.338500,0.353100,0.227600,0.224700,0.207400,0.514600,0.552800,0.543300,0.231100,0.249600,0.302800,0.560900,0.536500,0.535500,0.509100,0.551300,0.516300,0.522900,0.497800,0.255600,0.506600,0.527500,0.504700,0.509400,0.488000,0.492100,0.531100,0.509300,0.490600,0.504200,0.499400,0.514000,0.434200,0.479500,0.519100,0.508300,0.493200,0.472800,0.502500,0.527000,0.506900
Cycle_87	73961,30.1,0.573500,0.547700,0.216900,0.334600,0.348300,0.338500,0.362600,0.393500,0.360100,0.236000,0.224700,0.224800,0.555700,0.562800,0.561700,0.242600,0.275200,0.311100,0.564900,0.547800,0.529600,0.523300,0.528400,0.512300,0.538000,0.524900,0.292500,0.506500,0.500900,0.481800,0.484800,0.467200,0.486800,0.513300,0.522600,0.529600,0.532400,0.555100,0.538000,0.500500,0.505900,0.529600,0.526100,0.513300,0.461900,0.523000,0.530000,0.519900,0.557200,0.538100,0.199900,0.340100,0.365800,0.357500,0.383900,0.340100,0.359600,0.231600,0.224400,0.211300,0.516400,0.559800,0.545700,0.235500,0.252000,0.313700,0.565400,0.540700,0.549800,0.521200,0.554600,0.525000,0.530600,0.502200,0.267900,0.512300,0.534600,0.513900,0.522300,0.496100,0.501700,0.535900,0.516000,0.507100,0.511900,0.510200,0.513500,0.445500,0.490200,0.522400,0.518400,0.506800,0.483000,0.514900,0.528900,0.514600
Cycle_88	74811,30.1,0.576100,0.553300,0.223000,0.345300,0.351400,0.345800,0.371500,0.405500,0.363700,0.241200,0.227800,0.230300,0.560800,0.569000,0.567200,0.249500,0.281300,0.316700,0.569600,0.561700,0.536100,0.532300,0.539600,0.519000,0.541400,0.527400,0.303900,0.515600,0.510300,0.488200,0.491600,0.477000,0.496900,0.521000,0.530800,0.539600,0.546500,0.555400,0.546200,0.514500,0.520700,0.534600,0.534200,0.522900,0.470300,0.530700,0.537000,0.524400,0.555700,0.538400,0.208200,0.343100,0.372300,0.364100,0.387500,0.351500,0.366000,0.236000,0.229000,0.215600,0.519100,0.548600,0.545900,0.241600,0.258500,0.312200,0.571000,0.549300,0.548300,0.530100,0.563100,0.529500,0.533100,0.507000,0.281300,0.517700,0.540300,0.517300,0.524100,0.500000,0.501700,0.538900,0.522000,0.512600,0.527400,0.515300,0.526500,0.458300,0.500300,0.523700,0.525500,0.509700,0.485900,0.529500,0.538000,0.524100
Cycle_89	75662,30.3,0.575900,0.548800,0.228000,0.344100,0.357800,0.346900,0.372800,0.407600,0.367800,0.242500,0.231900,0.227800,0.561500,0.572500,0.564400,0.254300,0.285700,0.319100,0.565600,0.551600,0.528200,0.528400,0.535400,0.521200,0.544400,0.531000,0.314500,0.515100,0.512200,0.495700,0.501100,0.481100,0.501100,0.524300,0.531200,0.538800,0.543400,0.557200,0.548700,0.515300,0.516400,0.530600,0.527000,0.518800,0.468200,0.531300,0.536400,0.527800,0.558500,0.541800,0.216800,0.346200,0.375100,0.370700,0.396100,0.354400,0.368500,0.236700,0.227200,0.215400,0.523900,0.557800,0.550300,0.247200,0.265700,0.320200,0.568600,0.547600,0.549100,0.528500,0.563400,0.527300,0.544500,0.520000,0.292400,0.531000,0.546500,0.527400,0.532900,0.513600,0.512300,0.546100,0.527200,0.522000,0.518700,0.519300,0.525000,0.470400,0.508200,0.532600,0.525400,0.516100,0.494100,0.526800,0.543200,0.526000
Cycle_90	76512,30.0,0.577100,0.554400,0.239700,0.348900,0.361300,0.352900,0.381500,0.414700,0.373300,0.244900,0.230100,0.231800,0.559400,0.567600,0.570300,0.256900,0.290900,0.323600,0.573000,0.559600,0.537400,0.530600,0.541700,0.523000,0.547600,0.538200,0.325300,0.526200,0.519300,0.508300,0.505400,0.492200,0.511400,0.529700,0.541500,0.543200,0.546200,0.561300,0.552900,0.525000,0.529200,0.537800,0.536300,0.528500,0.477300,0.536300,0.544400,0.533900,0.565600,0.547400,0.226400,0.353300,0.382700,0.374600,0.403600,0.359500,0.378000,0.237500,0.232000,0.215800,0.528800,0.559800,0.559400,0.252700,0.268700,0.323600,0.580100,0.553700,0.553100,0.540400,0.566100,0.536300,0.545600,0.521300,0.306900,0.536800,0.553900,0.533600,0.538800,0.517700,0.514500,0.552900,0.533700,0.528200,0.525100,0.521600,0.530900,0.475100,0.510000,0.534700,0.532400,0.521300,0.498200,0.537500,0.550800,0.531000
Cycle_91	77362,30.1,0.590300,0.564600,0.258300,0.362200,0.374100,0.370200,0.391900,0.427100,0.389300,0.252100,0.235400,0.238700,0.574000,0.585400,0.585600,0.272700,0.304400,0.341100,0.584700,0.573900,0.551300,0.548700,0.554900,0.534900,0.552800,0.551800,0.343200,0.538300,0.529200,0.519600,0.518700,0.507700,0.526800,0.542100,0.552600,0.557500,0.559100,0.574700,0.564200,0.539100,0.542400,0.552600,0.551500,0.542400,0.488800,0.552100,0.554000,0.550200,0.578100,0.554400,0.240900,0.362500,0.391900,0.385400,0.414900,0.371800,0.390000,0.241600,0.238100,0.221000,0.542600,0.570100,0.567300,0.261200,0.283300,0.341700,0.586000,0.565200,0.564400,0.551500,0.578800,0.549400,0.554800,0.532300,0.321700,0.551200,0.560700,0.541700,0.541400,0.521100,0.521000,0.563100,0.543800,0.541600,0.536000,0.540000,0.548400,0.496200,0.530000,0.545900,0.542500,0.538600,0.509300,0.548200,0.560600,0.547700
Cycle_92	78212,30.4,0.598100,0.567700,0.268600,0.370500,0.382200,0.376900,0.402500,0.436900,0.395900,0.253200,0.237400,0.242600,0.581900,0.593900,0.588100,0.275100,0.311300,0.350500,0.594100,0.579200,0.553200,0.555500,0.557400,0.539500,0.560700,0.556800,0.356900,0.544900,0.540000,0.522800,0.528100,0.512400,0.533400,0.550800,0.559100,0.566300,0.565400,0.576300,0.574800,0.549100,0.551800,0.556500,0.552600,0.552200,0.492500,0.555900,0.562600,0.552600,0.578300,0.558700,0.250700,0.366800,0.394600,0.388800,0.418100,0.380600,0.396300,0.246500,0.239400,0.223900,0.544700,0.576900,0.568400,0.268900,0.293000,0.341800,0.588100,0.572300,0.567600,0.555700,0.584600,0.556300,0.556400,0.538600,0.333200,0.551800,0.564600,0.549100,0.551800,0.528500,0.527400,0.567300,0.549700,0.551700,0.550200,0.550000,0.558000,0.507100,0.532600,0.551600,0.549000,0.543900,0.514000,0.557400,0.567900,0.553200
Exp_StopDate	2018-05-22
Exp_StopTime	16:30:05
