Version	2.0
User_Name	Justin
Reader_Name	T7
Reader_Type	GENios
Serial_Num	12901500174
Plate_Size	96
Exp_Name	20180727_Mia_Tecan_SC-URA_7.4
Comments	

Measurement mode	Absorbance
Measurement wavelength	595	nm
Number of flashes	1
Plate definition file	96-well_NUN96ft.pdf
Number of kinetic cycles	1
Kinetic interval (Minimal)		s
Shake duration (Orbital High)	800	s
Shake duration between cycles (Orbital High)	800	s
Exp_StartDate	2018-07-27
Exp_StartTime	17:32:05
Cycle_Header	Secs,Temp,A1,A2,A3,A4,A5,A6,A7,A8,A9,A10,A11,A12,B1,B2,B3,B4,B5,B6,B7,B8,B9,B10,B11,B12,C1,C2,C3,C4,C5,C6,C7,C8,C9,C10,C11,C12,D1,D2,D3,D4,D5,D6,D7,D8,D9,D10,D11,D12,E1,E2,E3,E4,E5,E6,E7,E8,E9,E10,E11,E12,F1,F2,F3,F4,F5,F6,F7,F8,F9,F10,F11,F12,G1,G2,G3,G4,G5,G6,G7,G8,G9,G10,G11,G12,H1,H2,H3,H4,H5,H6,H7,H8,H9,H10,H11,H12
Cycle_1	845,30.3,0.080900,0.082600,0.079200,0.082800,0.078200,0.080600,0.079500,0.079600,0.078900,0.078600,0.080100,0.081100,0.085800,0.088900,0.090300,0.083200,0.084100,0.082500,0.085900,0.082300,0.082100,0.084000,0.085600,0.090800,0.090600,0.083800,0.082300,0.085100,0.080300,0.082500,0.079300,0.077100,0.078600,0.078100,0.078200,0.080400,0.085700,0.105000,0.086300,0.086300,0.088400,0.088200,0.092600,0.087800,0.085700,0.093100,0.086500,0.090100,0.081800,0.080800,0.074600,0.079500,0.081800,0.082000,0.080500,0.081500,0.079900,0.078900,0.077900,0.082000,0.095900,0.095000,0.081800,0.087900,0.081000,0.083000,0.085000,0.080100,0.084100,0.088100,0.082400,0.081800,0.082200,0.080900,0.075700,0.081000,0.080400,0.084800,0.088800,0.079300,0.077600,0.080500,0.080500,0.081300,0.085300,0.093700,0.082500,0.087400,0.089400,0.083100,0.085600,0.080600,0.080100,0.088600,0.082500,0.082500
Cycle_2	1695,30.4,0.082000,0.081300,0.079500,0.081700,0.080600,0.078900,0.080000,0.078400,0.080600,0.079400,0.080000,0.079900,0.082500,0.093100,0.087100,0.082800,0.085900,0.082500,0.085700,0.081700,0.081200,0.084400,0.082800,0.092000,0.089100,0.083200,0.080100,0.085500,0.078500,0.082200,0.078500,0.076000,0.076500,0.079700,0.078900,0.082400,0.084900,0.101900,0.084000,0.088800,0.086900,0.088900,0.093200,0.083400,0.084700,0.089800,0.084500,0.094100,0.083000,0.079500,0.077600,0.078100,0.080100,0.082300,0.080400,0.082100,0.080500,0.077400,0.076600,0.084200,0.093600,0.088800,0.080700,0.088600,0.084000,0.080900,0.083400,0.079600,0.085800,0.088500,0.084800,0.080700,0.081300,0.079900,0.075300,0.081100,0.078900,0.081300,0.084800,0.076100,0.077000,0.077000,0.079300,0.080700,0.083200,0.091500,0.082400,0.087500,0.082200,0.084500,0.085100,0.080800,0.081100,0.087500,0.083900,0.081500
Cycle_3	2546,30.3,0.082800,0.078400,0.079400,0.082500,0.080400,0.080400,0.078800,0.081700,0.079200,0.078700,0.082500,0.081100,0.082400,0.086100,0.089500,0.083400,0.083200,0.081600,0.087700,0.082800,0.083000,0.083400,0.081700,0.081300,0.092000,0.083700,0.081000,0.084300,0.078500,0.082700,0.079700,0.079700,0.078100,0.077600,0.077100,0.080300,0.084900,0.104100,0.084100,0.086100,0.087100,0.088800,0.093400,0.085700,0.085600,0.090300,0.085000,0.089600,0.082700,0.078900,0.077900,0.078500,0.081300,0.083000,0.081200,0.081000,0.081100,0.078100,0.077100,0.083500,0.092600,0.085700,0.080800,0.089900,0.081000,0.083900,0.082200,0.079900,0.084600,0.094300,0.089700,0.081400,0.081300,0.079900,0.075900,0.081200,0.078200,0.081300,0.085100,0.076300,0.077100,0.079800,0.078800,0.081800,0.084000,0.085600,0.082400,0.086000,0.083300,0.081400,0.085100,0.080300,0.083700,0.083600,0.083800,0.082400
Cycle_4	3396,30.0,0.081500,0.080400,0.081000,0.081700,0.081400,0.081800,0.081800,0.080900,0.078100,0.079100,0.080000,0.081500,0.083500,0.085500,0.088700,0.086300,0.085000,0.081600,0.085200,0.083000,0.083800,0.086100,0.084700,0.080400,0.091900,0.085200,0.083100,0.085100,0.080400,0.083200,0.076700,0.077200,0.079600,0.080100,0.077700,0.079300,0.085500,0.095400,0.085000,0.089900,0.087900,0.088000,0.093500,0.084100,0.086900,0.091300,0.086100,0.087500,0.080800,0.079300,0.077200,0.078400,0.082200,0.081100,0.079800,0.080300,0.081000,0.080900,0.080500,0.082300,0.091400,0.099200,0.081300,0.087200,0.080500,0.081000,0.084200,0.079900,0.085500,0.085900,0.084500,0.084200,0.081600,0.078800,0.076800,0.079500,0.078100,0.080200,0.084700,0.075700,0.077500,0.079600,0.080200,0.082500,0.083000,0.090800,0.082400,0.084700,0.082100,0.082500,0.085700,0.080900,0.083400,0.085500,0.081200,0.079500
Cycle_5	4246,30.2,0.081700,0.081400,0.078900,0.082000,0.080100,0.082400,0.079900,0.080300,0.078600,0.078100,0.081000,0.080500,0.082800,0.088200,0.087100,0.081600,0.084700,0.083300,0.084700,0.083400,0.081400,0.082200,0.082400,0.078600,0.088800,0.085400,0.081500,0.085200,0.079500,0.082300,0.080000,0.077300,0.077800,0.076900,0.076300,0.079400,0.086700,0.099700,0.084900,0.090000,0.089800,0.087100,0.091600,0.083300,0.088500,0.089900,0.084800,0.094900,0.080100,0.079700,0.075800,0.078400,0.080800,0.080900,0.080600,0.081000,0.081300,0.078700,0.077200,0.081200,0.092300,0.093600,0.080700,0.088400,0.085300,0.079000,0.082900,0.081300,0.083400,0.092200,0.081900,0.080300,0.080100,0.078500,0.077700,0.079000,0.077400,0.079600,0.082500,0.076400,0.079000,0.080000,0.078500,0.080900,0.083900,0.101800,0.082300,0.083100,0.081900,0.083500,0.084000,0.080100,0.083300,0.088600,0.080000,0.081000
Cycle_6	5097,30.1,0.084300,0.081900,0.078500,0.081000,0.080900,0.079600,0.077900,0.078600,0.078700,0.080100,0.079600,0.080500,0.083300,0.089700,0.087200,0.082300,0.085000,0.082400,0.085000,0.081000,0.081800,0.083500,0.082100,0.080300,0.087400,0.082900,0.081700,0.084800,0.077700,0.082400,0.078800,0.078100,0.078000,0.078500,0.077400,0.078700,0.086100,0.096500,0.084400,0.087700,0.090500,0.087500,0.093800,0.083500,0.085900,0.089200,0.084700,0.089500,0.081900,0.078600,0.076600,0.078900,0.080000,0.080200,0.078400,0.079300,0.078200,0.077100,0.076000,0.079700,0.091100,0.092800,0.079900,0.086500,0.083000,0.081000,0.082700,0.080200,0.087100,0.083900,0.080600,0.079700,0.080400,0.077900,0.074400,0.078000,0.077500,0.079300,0.081700,0.074100,0.077000,0.077300,0.076300,0.078500,0.081900,0.089300,0.080900,0.083300,0.080700,0.081000,0.083600,0.078800,0.078900,0.084200,0.081500,0.081500
Cycle_7	5947,30.0,0.081600,0.080500,0.078800,0.081800,0.079600,0.078200,0.078000,0.078900,0.079100,0.079200,0.079000,0.080800,0.083700,0.089200,0.087600,0.083600,0.082900,0.083400,0.087000,0.082900,0.085000,0.083700,0.083300,0.080400,0.087500,0.084600,0.082900,0.083800,0.078600,0.084400,0.079200,0.077100,0.077200,0.079000,0.077800,0.080600,0.083400,0.094400,0.085100,0.087800,0.089500,0.088700,0.094800,0.084800,0.085700,0.090300,0.083900,0.086700,0.082400,0.079200,0.077200,0.079700,0.078500,0.080500,0.082300,0.079700,0.079800,0.077100,0.077600,0.082900,0.092100,0.086300,0.082100,0.086200,0.083800,0.081900,0.084800,0.079900,0.084300,0.087900,0.082700,0.080200,0.080800,0.078800,0.075200,0.080400,0.077300,0.078400,0.084100,0.076400,0.077800,0.077600,0.076800,0.078600,0.083400,0.084900,0.081300,0.086000,0.081700,0.079900,0.084000,0.080600,0.081000,0.084900,0.081500,0.082500
Cycle_8	6797,30.1,0.081700,0.082000,0.079400,0.081200,0.080900,0.079100,0.078300,0.078700,0.078100,0.079200,0.078200,0.081800,0.081900,0.088900,0.089100,0.084800,0.082900,0.081700,0.086500,0.083000,0.083600,0.085800,0.081200,0.092100,0.089600,0.083900,0.080800,0.083900,0.078300,0.083300,0.078300,0.077600,0.080300,0.078500,0.079400,0.080900,0.085400,0.100700,0.085100,0.086000,0.088900,0.089400,0.094700,0.084400,0.087800,0.087300,0.084800,0.088500,0.082600,0.081400,0.076100,0.079200,0.080700,0.080900,0.081200,0.080600,0.080000,0.078600,0.077900,0.080700,0.094100,0.089900,0.081800,0.084300,0.084000,0.082200,0.084400,0.080000,0.082300,0.083700,0.081600,0.085600,0.081900,0.080400,0.078200,0.079700,0.078100,0.080100,0.082900,0.076500,0.079000,0.079700,0.078500,0.082200,0.084700,0.086600,0.081800,0.085800,0.081600,0.082100,0.085600,0.080000,0.082900,0.087700,0.082400,0.081300
Cycle_9	7647,30.4,0.080300,0.081100,0.079000,0.081500,0.079800,0.079900,0.079700,0.080500,0.078700,0.080700,0.080000,0.079400,0.083200,0.092600,0.088000,0.082500,0.084800,0.084000,0.087100,0.081200,0.081600,0.083000,0.084300,0.105500,0.089700,0.085000,0.079800,0.083900,0.078200,0.081800,0.078600,0.077900,0.078200,0.077300,0.077100,0.080500,0.085900,0.099800,0.083300,0.088400,0.087900,0.086900,0.092700,0.083700,0.085800,0.088200,0.086100,0.087300,0.083100,0.081200,0.076700,0.079100,0.080500,0.081900,0.080400,0.080300,0.080300,0.078300,0.077900,0.082400,0.093800,0.094300,0.080700,0.087300,0.083500,0.081400,0.084700,0.082100,0.086200,0.085200,0.084600,0.081100,0.083200,0.079200,0.075400,0.081600,0.078700,0.079400,0.083500,0.077000,0.078200,0.079600,0.078800,0.082700,0.083500,0.092700,0.083300,0.084100,0.083200,0.081600,0.086400,0.081300,0.083100,0.083100,0.081400,0.082000
Cycle_10	8498,30.0,0.082700,0.079200,0.079100,0.082600,0.080200,0.079900,0.080100,0.078800,0.079000,0.079200,0.078700,0.079600,0.084800,0.088200,0.088000,0.082300,0.084500,0.082400,0.088300,0.081100,0.081700,0.084800,0.082700,0.083900,0.089900,0.082400,0.080900,0.083700,0.077600,0.081300,0.079400,0.079300,0.078800,0.080000,0.076700,0.081900,0.085500,0.100800,0.084900,0.088000,0.093000,0.086000,0.091500,0.083000,0.085900,0.089600,0.088900,0.092300,0.083300,0.080400,0.077500,0.079000,0.080300,0.080800,0.080900,0.080400,0.081400,0.078700,0.078000,0.083000,0.094100,0.089000,0.082300,0.086400,0.084200,0.080300,0.088800,0.081500,0.084500,0.087300,0.083600,0.081200,0.081400,0.079500,0.073900,0.080400,0.079600,0.077800,0.083500,0.077000,0.076400,0.077600,0.079000,0.080300,0.084400,0.091800,0.082500,0.085100,0.083800,0.084200,0.086700,0.081300,0.079900,0.085600,0.082100,0.081900
Cycle_11	9348,29.9,0.081100,0.079900,0.078800,0.081300,0.079400,0.081300,0.079000,0.080200,0.078900,0.078700,0.080900,0.082800,0.083900,0.087200,0.088300,0.086400,0.088700,0.083900,0.086000,0.083800,0.081900,0.084000,0.083100,0.098600,0.092800,0.085400,0.081700,0.085400,0.078300,0.082400,0.078400,0.079500,0.078100,0.079200,0.077600,0.080400,0.085700,0.097600,0.085500,0.088100,0.093700,0.087400,0.092100,0.085300,0.087200,0.090000,0.088000,0.089600,0.083300,0.080200,0.076900,0.079500,0.081600,0.082000,0.079800,0.081300,0.081000,0.080200,0.079200,0.083200,0.093100,0.093400,0.082200,0.086300,0.084500,0.083500,0.085900,0.080700,0.085600,0.084900,0.081700,0.080500,0.081600,0.079400,0.074900,0.080700,0.080300,0.081000,0.083700,0.076900,0.078100,0.078700,0.080200,0.081300,0.085300,0.084900,0.081300,0.085900,0.088000,0.086600,0.087200,0.079800,0.081700,0.083000,0.084900,0.082000
Cycle_12	10198,30.4,0.082700,0.081800,0.080500,0.083400,0.081700,0.079100,0.079700,0.080600,0.080900,0.079100,0.081300,0.082500,0.084600,0.086800,0.089900,0.085800,0.090600,0.083400,0.090500,0.082100,0.084400,0.091600,0.087000,0.113400,0.090800,0.084000,0.083300,0.085200,0.079600,0.082600,0.076800,0.077700,0.079300,0.079700,0.079700,0.080900,0.088200,0.104100,0.087100,0.093000,0.093500,0.088300,0.097100,0.085300,0.087500,0.096200,0.085800,0.085300,0.081300,0.080600,0.078500,0.081300,0.081500,0.080800,0.079700,0.079300,0.080100,0.078900,0.082200,0.083100,0.093300,0.098100,0.082700,0.089000,0.085100,0.084400,0.089100,0.081900,0.085200,0.084300,0.083800,0.086400,0.083300,0.079700,0.075700,0.082000,0.080600,0.080600,0.083100,0.078400,0.077300,0.080100,0.080900,0.080700,0.083800,0.094000,0.082700,0.087300,0.087900,0.082800,0.089400,0.080400,0.082600,0.086900,0.083900,0.082800
Cycle_13	11049,30.2,0.083100,0.080500,0.077700,0.081900,0.080500,0.079500,0.079700,0.078700,0.081400,0.079400,0.080500,0.079600,0.084700,0.088800,0.089700,0.083400,0.085900,0.082900,0.087800,0.083000,0.081600,0.083300,0.084300,0.138800,0.090600,0.083700,0.081500,0.084000,0.078800,0.083000,0.077900,0.076400,0.076500,0.077200,0.078600,0.082600,0.087400,0.100300,0.085700,0.086600,0.094900,0.088400,0.093100,0.084100,0.085500,0.090400,0.085900,0.084300,0.081200,0.081000,0.075500,0.078300,0.081300,0.080500,0.079000,0.081400,0.080800,0.079800,0.078500,0.083300,0.095300,0.088800,0.081300,0.087900,0.085000,0.082300,0.085500,0.079500,0.083700,0.088200,0.084600,0.081200,0.081500,0.080500,0.075800,0.082400,0.080800,0.082000,0.082500,0.077600,0.078400,0.079700,0.079600,0.080700,0.085700,0.088700,0.084300,0.086200,0.083800,0.082900,0.086200,0.082200,0.083000,0.089000,0.084500,0.081800
Cycle_14	11899,30.2,0.083300,0.080800,0.080100,0.082900,0.082100,0.080000,0.079100,0.080800,0.080200,0.079900,0.080200,0.083100,0.086900,0.089500,0.091400,0.082500,0.086100,0.083600,0.088600,0.083000,0.083100,0.085000,0.084800,0.086000,0.091100,0.098100,0.082500,0.084600,0.080500,0.082300,0.079300,0.079200,0.080700,0.079600,0.078400,0.081400,0.088500,0.095900,0.087900,0.087100,0.094500,0.089000,0.095300,0.086800,0.086200,0.092600,0.086500,0.083900,0.082400,0.080000,0.077700,0.080200,0.080900,0.082200,0.080400,0.083000,0.080300,0.079900,0.079600,0.083200,0.096600,0.089800,0.083300,0.088800,0.086800,0.082100,0.085200,0.082000,0.089400,0.090200,0.083300,0.081700,0.082800,0.080600,0.077700,0.083400,0.080400,0.080600,0.084000,0.076900,0.078200,0.079300,0.079200,0.082300,0.087300,0.087400,0.084300,0.087300,0.084300,0.084800,0.087100,0.082000,0.082800,0.089300,0.088000,0.082400
Cycle_15	12749,30.3,0.084200,0.079900,0.079200,0.084300,0.081600,0.083100,0.079300,0.079700,0.080100,0.080200,0.081300,0.083400,0.086100,0.085900,0.092300,0.082300,0.088300,0.083300,0.089400,0.084500,0.083500,0.085100,0.082800,0.085500,0.090500,0.099600,0.082000,0.084900,0.079700,0.083200,0.079400,0.078200,0.078600,0.080400,0.079900,0.082200,0.088700,0.097600,0.088000,0.088500,0.092400,0.089700,0.096700,0.086600,0.086400,0.093500,0.086700,0.086500,0.083700,0.080700,0.078500,0.079800,0.081700,0.083100,0.080000,0.081400,0.080500,0.080100,0.079200,0.083900,0.095300,0.087400,0.083800,0.087900,0.092200,0.082400,0.085700,0.080500,0.084700,0.091100,0.085800,0.081700,0.081900,0.079700,0.076100,0.082200,0.079900,0.080300,0.085400,0.078300,0.078400,0.080200,0.080100,0.084100,0.084300,0.086200,0.085500,0.085500,0.085400,0.082000,0.088300,0.081400,0.084900,0.089600,0.085700,0.081100
Cycle_16	13600,30.4,0.083600,0.081000,0.079300,0.083800,0.082500,0.079400,0.078300,0.081200,0.081300,0.081800,0.080500,0.084500,0.085500,0.087300,0.092700,0.084100,0.086800,0.084300,0.089400,0.085900,0.084600,0.088400,0.085300,0.085000,0.091900,0.092700,0.082900,0.085700,0.080100,0.082600,0.078800,0.078700,0.079300,0.080600,0.079500,0.082000,0.090300,0.100600,0.087300,0.087700,0.093900,0.088100,0.097900,0.088200,0.086000,0.090600,0.087500,0.087300,0.083700,0.079300,0.079100,0.080700,0.083800,0.083400,0.080900,0.081600,0.081700,0.079700,0.080600,0.083600,0.097900,0.089300,0.082600,0.085300,0.088500,0.083700,0.091300,0.080900,0.083800,0.091200,0.084300,0.080500,0.081600,0.081100,0.077000,0.083500,0.080800,0.080600,0.083100,0.077600,0.077900,0.079800,0.080700,0.082900,0.088700,0.085000,0.084100,0.085700,0.087400,0.084500,0.087200,0.082300,0.082400,0.090900,0.085100,0.082100
Cycle_17	14450,30.0,0.086100,0.082300,0.080000,0.084200,0.083200,0.082500,0.079400,0.082200,0.081700,0.082100,0.081400,0.085400,0.086800,0.089600,0.095300,0.087400,0.088200,0.085300,0.092400,0.089800,0.085800,0.087300,0.087400,0.086100,0.093000,0.096400,0.084800,0.088100,0.082200,0.085900,0.080400,0.079800,0.079500,0.081000,0.081800,0.083800,0.089200,0.104800,0.091800,0.088900,0.096800,0.092300,0.100300,0.089100,0.088800,0.093700,0.090100,0.086600,0.084700,0.079800,0.078800,0.082700,0.084100,0.082500,0.083500,0.084100,0.081200,0.082000,0.080800,0.087100,0.098500,0.087900,0.084800,0.088400,0.094600,0.084300,0.090500,0.083100,0.084600,0.092800,0.086500,0.083700,0.082000,0.082000,0.080600,0.081900,0.081800,0.082200,0.084900,0.076800,0.081200,0.081500,0.082800,0.084200,0.088400,0.090500,0.087200,0.085100,0.091400,0.084100,0.089700,0.083400,0.082500,0.096700,0.089900,0.083600
Cycle_18	15300,30.1,0.085100,0.084700,0.082600,0.086700,0.086500,0.082700,0.083000,0.083400,0.081800,0.082200,0.082100,0.086200,0.088900,0.090600,0.094400,0.085800,0.092500,0.087200,0.094400,0.087500,0.085400,0.096300,0.091700,0.087600,0.094200,0.094400,0.085200,0.088900,0.082900,0.085000,0.083500,0.082100,0.081800,0.082700,0.082100,0.086300,0.091000,0.103700,0.095100,0.092200,0.103200,0.094100,0.102300,0.090400,0.093500,0.100700,0.098100,0.087900,0.086500,0.080800,0.084200,0.082100,0.085600,0.082700,0.082500,0.083300,0.083600,0.085300,0.083300,0.087700,0.096000,0.097900,0.087500,0.089300,0.093800,0.087000,0.093500,0.085400,0.089800,0.094600,0.088900,0.082600,0.084300,0.082700,0.080200,0.085000,0.083300,0.083000,0.086100,0.078900,0.079600,0.082700,0.083600,0.085000,0.087900,0.100300,0.089700,0.087700,0.088300,0.087700,0.095100,0.090200,0.084800,0.088400,0.088600,0.084700
Cycle_19	16151,30.2,0.086000,0.083900,0.082700,0.085500,0.085300,0.082900,0.083200,0.085900,0.084100,0.085200,0.082700,0.087100,0.089700,0.092000,0.095300,0.089200,0.097000,0.087000,0.100400,0.091100,0.088300,0.094700,0.094100,0.091800,0.094700,0.096700,0.084700,0.089500,0.083900,0.085200,0.080700,0.080900,0.084700,0.084700,0.085000,0.087000,0.091900,0.106400,0.097400,0.094300,0.097000,0.095700,0.105500,0.094100,0.093300,0.096700,0.097100,0.092200,0.086400,0.082200,0.081100,0.084900,0.085600,0.083700,0.083500,0.083000,0.083600,0.083800,0.083700,0.088100,0.103200,0.097700,0.091900,0.091200,0.092500,0.088800,0.095400,0.085100,0.087600,0.095300,0.090000,0.085400,0.087400,0.082000,0.081000,0.086000,0.084400,0.084200,0.086300,0.079200,0.081800,0.085000,0.083700,0.086700,0.093000,0.091300,0.088100,0.086900,0.095000,0.086700,0.095300,0.090100,0.083700,0.096000,0.095500,0.083500
Cycle_20	17001,30.1,0.086600,0.085600,0.082600,0.087300,0.085700,0.082000,0.085200,0.084500,0.082600,0.084000,0.084500,0.086500,0.090400,0.092000,0.098400,0.089000,0.092300,0.088200,0.095500,0.091500,0.089800,0.088100,0.089700,0.092200,0.097900,0.099800,0.086800,0.089000,0.084800,0.085000,0.084700,0.080000,0.083400,0.083600,0.083300,0.088200,0.093400,0.101500,0.094400,0.092200,0.095900,0.094600,0.107000,0.093300,0.093300,0.095100,0.092200,0.090700,0.088800,0.083100,0.080400,0.084500,0.085600,0.084300,0.083400,0.085200,0.084100,0.084800,0.084500,0.088600,0.101300,0.091300,0.087500,0.087600,0.093200,0.088300,0.095900,0.086900,0.086300,0.089600,0.089400,0.086300,0.087900,0.083500,0.080200,0.085200,0.084600,0.083100,0.087800,0.079400,0.082300,0.083500,0.083700,0.089700,0.091500,0.090000,0.088300,0.089500,0.091000,0.089500,0.095000,0.086800,0.087400,0.090800,0.091400,0.086100
Cycle_21	17851,30.0,0.088000,0.083700,0.083400,0.088100,0.084100,0.083400,0.083100,0.084200,0.084900,0.085000,0.083200,0.087700,0.092100,0.091200,0.097200,0.089400,0.094200,0.089100,0.099300,0.090000,0.088700,0.093100,0.093800,0.092200,0.098500,0.099300,0.083500,0.089500,0.084000,0.084600,0.082500,0.083400,0.082900,0.084100,0.085100,0.088600,0.092700,0.104700,0.096700,0.091600,0.095600,0.094300,0.105000,0.092700,0.091900,0.095800,0.093500,0.089200,0.089600,0.084500,0.080600,0.085100,0.085200,0.084700,0.084500,0.083000,0.086200,0.083500,0.087400,0.091100,0.100900,0.094900,0.089500,0.088400,0.092500,0.089200,0.095100,0.087400,0.087300,0.090900,0.089700,0.088500,0.088700,0.084500,0.080100,0.085200,0.084700,0.084800,0.087200,0.079900,0.083100,0.084600,0.084500,0.088900,0.095900,0.090200,0.091100,0.088600,0.091500,0.088500,0.100300,0.089000,0.087500,0.092700,0.089900,0.088600
Cycle_22	18702,30.3,0.087800,0.086900,0.083000,0.087500,0.088400,0.087100,0.084400,0.085100,0.085600,0.084300,0.086200,0.089500,0.092400,0.095800,0.100600,0.092900,0.096200,0.090500,0.103700,0.094700,0.090600,0.095700,0.095500,0.093100,0.101900,0.095800,0.086500,0.091900,0.086000,0.086700,0.085200,0.083200,0.085900,0.086600,0.085100,0.089900,0.094400,0.109600,0.100300,0.096900,0.099400,0.096600,0.108300,0.095400,0.097500,0.102000,0.100200,0.091600,0.090700,0.085700,0.081500,0.086100,0.088200,0.085100,0.084400,0.087200,0.087400,0.086500,0.086800,0.091200,0.101800,0.105400,0.092700,0.093000,0.097000,0.093200,0.100000,0.089300,0.096000,0.095500,0.091500,0.087900,0.089900,0.084700,0.080500,0.088000,0.088100,0.086600,0.089600,0.080100,0.084200,0.086300,0.088600,0.090100,0.092700,0.095300,0.093800,0.093000,0.098500,0.092000,0.103300,0.089900,0.089700,0.094300,0.093700,0.088900
Cycle_23	19552,30.4,0.090400,0.086500,0.083000,0.089900,0.089100,0.085800,0.085200,0.086700,0.087500,0.088300,0.086800,0.091600,0.094700,0.094700,0.103700,0.091400,0.093800,0.089200,0.103700,0.091800,0.092600,0.093400,0.093300,0.090900,0.099300,0.098600,0.086900,0.091600,0.087100,0.086900,0.084400,0.082700,0.086300,0.087200,0.087600,0.091900,0.096300,0.105200,0.097900,0.094500,0.100700,0.097000,0.108900,0.096800,0.096100,0.096000,0.092500,0.090000,0.091500,0.087100,0.080600,0.086600,0.088000,0.086200,0.087500,0.088800,0.086900,0.086500,0.089700,0.092600,0.103900,0.096700,0.092700,0.091800,0.096000,0.091600,0.100200,0.090500,0.090900,0.091900,0.090100,0.088900,0.091000,0.085700,0.081200,0.088000,0.086300,0.086200,0.091900,0.081300,0.085400,0.086000,0.087600,0.092200,0.096200,0.094800,0.093000,0.094700,0.094500,0.090500,0.100700,0.090700,0.090900,0.094100,0.093900,0.090100
Cycle_24	20402,30.0,0.091500,0.089200,0.083900,0.093600,0.089900,0.086700,0.088800,0.087700,0.088300,0.088600,0.088900,0.094600,0.097100,0.098500,0.102200,0.092700,0.095900,0.093400,0.106800,0.095500,0.091700,0.093400,0.093900,0.092500,0.102500,0.100400,0.087200,0.094200,0.088200,0.090200,0.086600,0.086000,0.088000,0.089300,0.088500,0.096500,0.099500,0.107500,0.099500,0.096100,0.101200,0.100800,0.111600,0.097100,0.097700,0.100200,0.098100,0.092900,0.094200,0.086400,0.081900,0.090700,0.091800,0.086200,0.088100,0.089400,0.089600,0.089900,0.089900,0.095300,0.105900,0.098200,0.097300,0.097400,0.095600,0.095800,0.101300,0.091800,0.093200,0.098900,0.096800,0.092700,0.093400,0.088400,0.082700,0.090700,0.089700,0.089800,0.093900,0.082100,0.086800,0.089300,0.089300,0.094500,0.098500,0.099600,0.096500,0.096500,0.096200,0.094500,0.103000,0.094400,0.092800,0.098000,0.095300,0.092700
Cycle_25	21246,29.9,0.092500,0.087400,0.084600,0.091700,0.089500,0.085700,0.088200,0.088600,0.087700,0.089500,0.090200,0.094800,0.099700,0.101100,0.104500,0.095000,0.099100,0.095900,0.105300,0.095200,0.094600,0.098600,0.096600,0.097200,0.104500,0.101100,0.087700,0.094500,0.089400,0.089600,0.086700,0.084900,0.086900,0.089900,0.089900,0.095000,0.099600,0.110600,0.101800,0.098300,0.101600,0.099800,0.110900,0.101000,0.098800,0.100900,0.098700,0.094700,0.093500,0.087500,0.081400,0.089500,0.091500,0.088000,0.089200,0.088600,0.087500,0.090700,0.089600,0.096600,0.109300,0.103200,0.095100,0.095000,0.098600,0.094400,0.101900,0.090800,0.093800,0.095300,0.096100,0.092400,0.095500,0.088100,0.082100,0.092000,0.089800,0.088100,0.093600,0.082700,0.089200,0.088600,0.092000,0.096000,0.100200,0.097200,0.096800,0.095900,0.096400,0.093600,0.102300,0.092400,0.092500,0.097800,0.093600,0.092800
Cycle_26	22097,30.2,0.094000,0.090400,0.084700,0.094800,0.093800,0.088300,0.090100,0.092300,0.091400,0.092900,0.093600,0.100400,0.101200,0.101500,0.108300,0.098000,0.101300,0.096600,0.107600,0.097600,0.096600,0.100700,0.099600,0.097900,0.107500,0.104100,0.089200,0.096500,0.094400,0.093100,0.091300,0.088100,0.091800,0.094700,0.093200,0.099600,0.105600,0.113300,0.106500,0.101200,0.105500,0.103700,0.114700,0.103200,0.101600,0.102700,0.098400,0.096600,0.095700,0.089900,0.083300,0.090800,0.093400,0.090000,0.092700,0.091300,0.090600,0.092700,0.094200,0.099500,0.109300,0.103900,0.098400,0.097500,0.102200,0.097900,0.105700,0.095400,0.096600,0.103500,0.097500,0.095600,0.095100,0.091300,0.085500,0.094800,0.092100,0.089400,0.095900,0.085700,0.089400,0.092200,0.093500,0.099100,0.103800,0.102700,0.099600,0.097600,0.100400,0.096800,0.106200,0.095400,0.096100,0.101100,0.097600,0.095100
Cycle_27	22947,30.3,0.096100,0.091700,0.085200,0.095100,0.094400,0.088600,0.091500,0.091600,0.091600,0.095600,0.095100,0.100700,0.105700,0.110400,0.108200,0.098500,0.101600,0.098800,0.111800,0.100900,0.097500,0.100400,0.098600,0.100000,0.109900,0.105800,0.089900,0.100600,0.093900,0.093600,0.095400,0.089600,0.091100,0.097300,0.095300,0.103200,0.108300,0.113800,0.105100,0.101400,0.113500,0.106600,0.115700,0.105000,0.102500,0.103100,0.100500,0.100400,0.098200,0.092000,0.084000,0.091800,0.093400,0.090800,0.092600,0.091800,0.095200,0.094300,0.093400,0.103300,0.113600,0.106000,0.101700,0.099100,0.103800,0.096700,0.105000,0.095400,0.097800,0.101900,0.101800,0.096000,0.097600,0.091900,0.084600,0.094600,0.093400,0.090600,0.096900,0.086600,0.092700,0.094000,0.096200,0.099700,0.105400,0.105200,0.101000,0.100600,0.099400,0.098400,0.106200,0.097500,0.098600,0.099800,0.100900,0.096600
Cycle_28	23797,30.0,0.099500,0.096200,0.086600,0.097900,0.095800,0.091000,0.094900,0.094300,0.093600,0.099800,0.096500,0.104900,0.108000,0.111700,0.111900,0.101100,0.103500,0.100300,0.115300,0.102300,0.101600,0.102100,0.100900,0.105800,0.111100,0.108900,0.090900,0.102200,0.097500,0.095400,0.094700,0.090200,0.096000,0.096500,0.099400,0.106800,0.110200,0.123900,0.110100,0.106700,0.114000,0.109300,0.118400,0.106000,0.106900,0.108700,0.104200,0.103400,0.099900,0.093200,0.085800,0.096800,0.094000,0.093200,0.095700,0.095500,0.095700,0.098300,0.097700,0.107600,0.117500,0.108800,0.102300,0.103200,0.102900,0.101800,0.106700,0.098100,0.101400,0.107300,0.101100,0.098600,0.099800,0.094600,0.085500,0.097800,0.095000,0.092600,0.099400,0.088700,0.094500,0.096700,0.097700,0.105300,0.107300,0.107200,0.105500,0.102000,0.102600,0.100500,0.107700,0.100900,0.099900,0.103500,0.102700,0.098200
Cycle_29	24646,30.3,0.101100,0.096000,0.085900,0.099300,0.097000,0.091700,0.098100,0.096600,0.097400,0.098400,0.099100,0.107000,0.111000,0.112600,0.112800,0.103500,0.109000,0.102300,0.114300,0.104800,0.102000,0.105100,0.106200,0.104600,0.112100,0.113300,0.091400,0.104500,0.097800,0.097300,0.096800,0.091800,0.094200,0.100200,0.098500,0.109300,0.113300,0.117900,0.111500,0.108600,0.116300,0.110000,0.117000,0.106800,0.108700,0.114900,0.108300,0.105200,0.101300,0.095700,0.083900,0.095800,0.099000,0.092600,0.097600,0.096000,0.098600,0.099700,0.101200,0.108300,0.118700,0.114300,0.107600,0.105200,0.102800,0.101700,0.109400,0.099000,0.108400,0.106100,0.104800,0.105400,0.101700,0.095700,0.086900,0.099300,0.099200,0.096100,0.101600,0.091400,0.094700,0.102000,0.100200,0.108400,0.110600,0.112800,0.104600,0.102200,0.104100,0.103600,0.109600,0.102800,0.101800,0.107700,0.102100,0.103200
Cycle_30	25496,30.4,0.104300,0.098800,0.089900,0.101300,0.100100,0.095400,0.103100,0.101600,0.100500,0.103800,0.104100,0.111900,0.115500,0.118400,0.117500,0.109000,0.114600,0.109200,0.118800,0.110900,0.106700,0.109300,0.107800,0.111100,0.119500,0.115900,0.095300,0.109900,0.104100,0.100700,0.100800,0.099100,0.099500,0.104600,0.103800,0.113200,0.118500,0.129700,0.116200,0.112200,0.120300,0.114300,0.121900,0.111200,0.113700,0.114900,0.110300,0.108100,0.108000,0.097900,0.086300,0.098800,0.099700,0.095300,0.103600,0.100700,0.101600,0.102900,0.104600,0.113400,0.124600,0.118300,0.108800,0.107200,0.113700,0.107700,0.111500,0.104400,0.106900,0.112100,0.105600,0.105100,0.106100,0.099300,0.090500,0.104400,0.102400,0.100000,0.104700,0.092100,0.099000,0.104400,0.105300,0.110100,0.115100,0.114800,0.111500,0.107600,0.109000,0.107100,0.113500,0.105600,0.108100,0.109800,0.103700,0.103900
Cycle_31	26346,30.0,0.107100,0.102100,0.088900,0.101800,0.101600,0.097500,0.102200,0.104000,0.104500,0.106800,0.107900,0.117000,0.117800,0.126000,0.121900,0.112900,0.115700,0.110200,0.122300,0.113600,0.113200,0.118700,0.114700,0.113500,0.121300,0.119400,0.098000,0.111800,0.108200,0.105200,0.104800,0.097700,0.100900,0.108500,0.107500,0.116100,0.121700,0.133000,0.120500,0.119700,0.124700,0.121900,0.126600,0.117400,0.119200,0.122200,0.115700,0.113400,0.109400,0.098000,0.087000,0.101600,0.102700,0.097000,0.105000,0.102800,0.103100,0.107500,0.107400,0.116300,0.126600,0.127900,0.113300,0.112800,0.117500,0.110200,0.116900,0.107800,0.114300,0.117900,0.115700,0.106100,0.110300,0.102000,0.091400,0.106000,0.105900,0.100500,0.108400,0.094200,0.102900,0.109200,0.109400,0.113900,0.117100,0.126100,0.113400,0.114500,0.113600,0.112800,0.116700,0.109700,0.112100,0.117500,0.110300,0.109500
Cycle_32	27196,30.2,0.112300,0.109900,0.091200,0.115400,0.114100,0.099800,0.107000,0.109300,0.109200,0.112300,0.111300,0.120400,0.124000,0.126000,0.124300,0.114200,0.122500,0.114200,0.125700,0.118300,0.116100,0.121400,0.123700,0.117200,0.125500,0.122800,0.099400,0.116300,0.109800,0.106400,0.108100,0.100400,0.106200,0.112900,0.108800,0.122500,0.126400,0.139500,0.127600,0.123600,0.128700,0.125600,0.129300,0.121500,0.124000,0.129800,0.127100,0.116700,0.111000,0.104600,0.090900,0.109000,0.105400,0.099200,0.109200,0.108200,0.107300,0.112400,0.111200,0.121700,0.130400,0.133200,0.117800,0.117500,0.119200,0.113000,0.118900,0.112500,0.118100,0.121100,0.115900,0.114800,0.113000,0.106700,0.093700,0.109900,0.111600,0.103400,0.112600,0.099500,0.106200,0.111400,0.114100,0.118200,0.122500,0.126700,0.116600,0.115000,0.120500,0.117600,0.123100,0.116600,0.115100,0.119700,0.118000,0.113000
Cycle_33	28047,30.5,0.114200,0.108400,0.090500,0.108900,0.107700,0.101100,0.109800,0.110500,0.108700,0.114100,0.113800,0.121600,0.128000,0.130700,0.128100,0.117100,0.120400,0.118200,0.128000,0.117600,0.115900,0.119400,0.118600,0.116900,0.126400,0.127700,0.099000,0.117400,0.112900,0.110800,0.109800,0.102400,0.108300,0.112700,0.113800,0.125900,0.128100,0.138900,0.124400,0.121700,0.127800,0.126100,0.128100,0.119500,0.119900,0.126300,0.121600,0.119600,0.112900,0.104200,0.089300,0.104500,0.104600,0.098900,0.110500,0.107700,0.109000,0.114500,0.113200,0.126800,0.134200,0.127900,0.119500,0.119000,0.119700,0.114400,0.118800,0.111500,0.119900,0.126400,0.120100,0.116500,0.115700,0.109100,0.094200,0.112700,0.112000,0.105700,0.115200,0.101000,0.107700,0.114900,0.114600,0.124500,0.125600,0.127300,0.120700,0.117200,0.118400,0.115900,0.118100,0.116700,0.118500,0.125800,0.121800,0.115700
Cycle_34	28897,30.0,0.119200,0.111200,0.092500,0.112300,0.111100,0.103400,0.115700,0.114500,0.115700,0.118800,0.118200,0.128000,0.132400,0.137100,0.131800,0.118200,0.123700,0.121000,0.132500,0.123700,0.119500,0.123300,0.121100,0.123400,0.132400,0.132300,0.103400,0.123100,0.119500,0.113700,0.114700,0.105700,0.111200,0.119000,0.117600,0.129900,0.134600,0.144700,0.130900,0.126000,0.135600,0.129600,0.128100,0.125100,0.127400,0.132800,0.127900,0.124100,0.115600,0.108800,0.094400,0.108600,0.108800,0.102400,0.114600,0.110000,0.114300,0.119600,0.119400,0.132900,0.139300,0.134300,0.126300,0.120600,0.120900,0.116200,0.121200,0.116000,0.125600,0.132700,0.124800,0.122200,0.119900,0.113200,0.096700,0.115300,0.117000,0.112600,0.120800,0.104600,0.112200,0.119900,0.118100,0.126800,0.130000,0.131600,0.126300,0.121900,0.124100,0.122300,0.122500,0.121700,0.121700,0.130000,0.122400,0.120700
Cycle_35	29747,30.2,0.122400,0.116100,0.096300,0.118000,0.115200,0.107400,0.121800,0.121400,0.121200,0.123300,0.122600,0.133800,0.139000,0.143100,0.138300,0.127600,0.136700,0.124800,0.140000,0.130300,0.126100,0.136100,0.136900,0.133300,0.137300,0.135200,0.107900,0.127800,0.122800,0.118000,0.119900,0.110200,0.119400,0.123100,0.123700,0.136300,0.138900,0.153700,0.141300,0.134600,0.142100,0.133800,0.135300,0.134300,0.135300,0.137900,0.136200,0.129100,0.122100,0.111300,0.094600,0.112100,0.111600,0.107600,0.120000,0.114200,0.117500,0.122600,0.124400,0.133600,0.144900,0.150400,0.129100,0.124400,0.129600,0.125200,0.131700,0.119200,0.133500,0.132900,0.128800,0.125800,0.123200,0.116400,0.102100,0.121100,0.123200,0.116600,0.126400,0.108300,0.116600,0.124800,0.121400,0.130900,0.137900,0.140400,0.130600,0.125700,0.132900,0.129000,0.129800,0.126500,0.127200,0.132000,0.130700,0.124500
Cycle_36	30598,30.3,0.128000,0.120600,0.097700,0.121000,0.118600,0.109500,0.127600,0.125100,0.125900,0.127500,0.127100,0.139800,0.146900,0.147800,0.141400,0.131500,0.140600,0.130200,0.141600,0.133900,0.129400,0.137300,0.140100,0.135200,0.143600,0.139600,0.110300,0.134700,0.127700,0.122200,0.122300,0.112900,0.121000,0.128900,0.124900,0.144800,0.145900,0.155400,0.144700,0.140600,0.146900,0.141200,0.137800,0.135000,0.139900,0.146800,0.142800,0.135600,0.126900,0.116700,0.097300,0.116400,0.115700,0.108600,0.125000,0.119400,0.123200,0.129600,0.128400,0.141400,0.149800,0.159000,0.140800,0.134000,0.133100,0.126400,0.132700,0.128500,0.137600,0.142600,0.137400,0.133700,0.131100,0.123000,0.100900,0.126900,0.126700,0.119900,0.128600,0.112100,0.121600,0.127600,0.126600,0.136800,0.140800,0.153100,0.139600,0.129900,0.138700,0.132500,0.132100,0.131900,0.134000,0.138000,0.134100,0.130900
Cycle_37	31448,30.5,0.133300,0.124800,0.099100,0.124900,0.121400,0.113800,0.131600,0.126900,0.129200,0.132300,0.131900,0.143900,0.152900,0.153200,0.147800,0.128700,0.138200,0.132300,0.145600,0.135100,0.134700,0.138100,0.140800,0.142700,0.147200,0.149200,0.112800,0.134900,0.132800,0.125900,0.126600,0.116800,0.126000,0.131900,0.130900,0.151000,0.152200,0.153800,0.146100,0.140200,0.150300,0.145200,0.140700,0.138700,0.137800,0.148200,0.142700,0.139000,0.133200,0.122400,0.098200,0.119100,0.118600,0.111200,0.129200,0.124200,0.127700,0.132600,0.131900,0.146700,0.156600,0.152200,0.137000,0.134900,0.139300,0.130400,0.134400,0.130700,0.139800,0.150200,0.143700,0.138000,0.132900,0.124900,0.105500,0.129100,0.130600,0.123500,0.131000,0.115600,0.124400,0.132100,0.128900,0.141200,0.145900,0.146900,0.143500,0.136000,0.138000,0.134900,0.131400,0.133700,0.137100,0.141700,0.138100,0.135900
Cycle_38	32298,30.1,0.138700,0.129800,0.100600,0.128800,0.126100,0.127700,0.138400,0.134500,0.134600,0.137500,0.134900,0.152500,0.157600,0.158500,0.155800,0.137800,0.141100,0.135900,0.151100,0.143000,0.141300,0.147800,0.148000,0.148200,0.154000,0.153000,0.119000,0.143300,0.136900,0.131300,0.132800,0.122700,0.131200,0.139100,0.137500,0.153300,0.157100,0.165000,0.156500,0.145500,0.153900,0.150500,0.144200,0.145700,0.147500,0.155400,0.149500,0.145900,0.135300,0.128900,0.099400,0.122900,0.121400,0.118400,0.137000,0.128700,0.134700,0.138700,0.137700,0.155800,0.163000,0.157300,0.144400,0.136700,0.144900,0.137000,0.140500,0.135100,0.145000,0.154800,0.148300,0.142500,0.138300,0.131300,0.109600,0.133700,0.136500,0.130300,0.137800,0.119300,0.131100,0.138500,0.135900,0.150200,0.156300,0.150300,0.144900,0.141800,0.147400,0.142700,0.135500,0.139600,0.140500,0.154100,0.145000,0.141900
Cycle_39	33149,30.4,0.143500,0.136100,0.103100,0.135200,0.127600,0.123400,0.140900,0.142600,0.139000,0.144300,0.141800,0.160100,0.164100,0.164800,0.159800,0.139700,0.146800,0.142400,0.157400,0.148600,0.147500,0.152000,0.152100,0.156000,0.159000,0.158800,0.120500,0.149100,0.145000,0.136100,0.138400,0.124800,0.135100,0.145700,0.142200,0.160400,0.164200,0.173500,0.160500,0.150000,0.159500,0.157200,0.148500,0.153200,0.151400,0.158800,0.153600,0.151500,0.140600,0.132900,0.102200,0.126700,0.127500,0.119900,0.141900,0.132800,0.137200,0.143600,0.141900,0.158800,0.169300,0.164200,0.150300,0.141300,0.148100,0.141900,0.143600,0.137400,0.148900,0.159400,0.153000,0.151000,0.144400,0.136400,0.112100,0.140400,0.141700,0.133400,0.145000,0.126900,0.136600,0.145100,0.142700,0.155400,0.161300,0.159400,0.151500,0.148900,0.154900,0.148000,0.140400,0.145000,0.145200,0.160200,0.155600,0.146900
Cycle_40	33999,30.1,0.152700,0.141500,0.105300,0.139000,0.133800,0.124100,0.148500,0.144900,0.147700,0.149000,0.147900,0.164200,0.172500,0.177600,0.167900,0.145100,0.152400,0.146200,0.163700,0.155800,0.151800,0.158500,0.160500,0.161000,0.166300,0.168600,0.123900,0.156000,0.151500,0.142000,0.146000,0.128300,0.141400,0.149700,0.148800,0.170200,0.172100,0.178600,0.165700,0.158600,0.169300,0.166100,0.156900,0.156000,0.156000,0.165000,0.162500,0.158200,0.147100,0.136700,0.104800,0.130700,0.131700,0.122100,0.148100,0.139600,0.144100,0.152800,0.149900,0.169800,0.180300,0.174000,0.160400,0.148000,0.154600,0.148100,0.151400,0.148900,0.158300,0.169400,0.162300,0.155800,0.152200,0.143500,0.119100,0.147000,0.149200,0.141100,0.149800,0.129300,0.143800,0.154000,0.149800,0.165600,0.168300,0.168000,0.162100,0.155000,0.158700,0.153600,0.144300,0.153700,0.155500,0.164600,0.166700,0.154900
Cycle_41	34849,30.1,0.157700,0.148500,0.108600,0.144100,0.138400,0.129400,0.156200,0.152100,0.152600,0.155100,0.152600,0.170300,0.182400,0.183400,0.174800,0.151100,0.163500,0.154400,0.175000,0.161400,0.161300,0.173200,0.176000,0.170500,0.175800,0.169200,0.132100,0.161900,0.158800,0.149100,0.152500,0.135100,0.147000,0.158300,0.154900,0.182000,0.181000,0.193700,0.178500,0.171400,0.179100,0.176500,0.162500,0.165600,0.168500,0.182000,0.177600,0.168100,0.155100,0.144000,0.109400,0.137600,0.136100,0.127900,0.153200,0.142800,0.152400,0.157800,0.153500,0.177200,0.185600,0.192100,0.170500,0.157200,0.157800,0.155300,0.157200,0.157200,0.172600,0.181700,0.177700,0.164700,0.160100,0.150000,0.122900,0.157700,0.156800,0.150300,0.156300,0.136900,0.150600,0.161500,0.156000,0.172600,0.173300,0.183800,0.168900,0.161300,0.166700,0.165600,0.155400,0.167700,0.164300,0.171100,0.166700,0.163800
Cycle_42	35700,30.3,0.166500,0.155400,0.115600,0.150600,0.146200,0.132100,0.163300,0.158400,0.158200,0.162200,0.163600,0.181300,0.192400,0.194700,0.182600,0.156100,0.171200,0.161900,0.188000,0.171000,0.168300,0.177800,0.182300,0.179100,0.185300,0.176800,0.138800,0.169400,0.166200,0.156900,0.159700,0.141200,0.154400,0.167700,0.163500,0.190100,0.192800,0.202600,0.189000,0.178500,0.191300,0.187300,0.170600,0.171800,0.174300,0.186900,0.184600,0.178100,0.162500,0.148300,0.112600,0.144000,0.141000,0.131800,0.162700,0.152700,0.161900,0.164600,0.160600,0.184200,0.195200,0.204100,0.181500,0.163500,0.167200,0.161900,0.167500,0.163300,0.179800,0.191800,0.185600,0.174600,0.169200,0.155900,0.129000,0.163600,0.166100,0.156000,0.166000,0.143600,0.157600,0.170200,0.162300,0.178300,0.185400,0.197800,0.179000,0.172500,0.177000,0.173400,0.161700,0.172600,0.173400,0.182300,0.177500,0.172100
Cycle_43	36550,30.0,0.175300,0.165800,0.129800,0.154400,0.149500,0.138400,0.169200,0.165100,0.165900,0.167800,0.165500,0.186100,0.200500,0.201300,0.190500,0.161100,0.170500,0.164500,0.190600,0.176300,0.173800,0.181700,0.184200,0.187100,0.191500,0.191400,0.143600,0.178500,0.173600,0.164200,0.164900,0.146700,0.159500,0.172200,0.172000,0.197800,0.203500,0.203900,0.192700,0.182200,0.194500,0.190700,0.171400,0.177700,0.179200,0.189900,0.187800,0.180200,0.166600,0.157600,0.116900,0.144700,0.145000,0.134300,0.168200,0.158000,0.166000,0.172300,0.167700,0.192900,0.203800,0.203000,0.185000,0.164300,0.166900,0.161900,0.168400,0.168700,0.185700,0.197300,0.188800,0.180700,0.175300,0.164700,0.134200,0.170100,0.174200,0.162300,0.173800,0.151300,0.165200,0.178400,0.173400,0.191900,0.193100,0.196400,0.184400,0.175000,0.182300,0.181400,0.164100,0.178700,0.177600,0.194300,0.183800,0.178000
Cycle_44	37400,30.5,0.183100,0.172900,0.126300,0.160300,0.152700,0.141300,0.178000,0.172500,0.175000,0.177500,0.172600,0.195100,0.211300,0.214700,0.200100,0.171300,0.175000,0.168900,0.199100,0.189900,0.186100,0.195000,0.195400,0.198800,0.201500,0.207300,0.150900,0.188100,0.183500,0.172400,0.174200,0.153000,0.168900,0.183200,0.181300,0.206400,0.209200,0.222400,0.205100,0.191900,0.199100,0.197100,0.181600,0.188600,0.192700,0.199900,0.196500,0.188900,0.177600,0.162800,0.118800,0.151400,0.150800,0.141100,0.177100,0.164600,0.172900,0.178000,0.175700,0.198500,0.215000,0.211100,0.186900,0.168200,0.179600,0.172400,0.179400,0.175400,0.188500,0.200700,0.195900,0.190400,0.184200,0.173200,0.140600,0.179100,0.183900,0.169100,0.182700,0.159900,0.174000,0.185400,0.178600,0.204100,0.204400,0.204200,0.193100,0.182700,0.194600,0.188800,0.172200,0.184100,0.182200,0.202800,0.200500,0.189600
Cycle_45	38251,30.4,0.195200,0.181500,0.128200,0.170200,0.160100,0.146900,0.189200,0.181800,0.182200,0.184700,0.182100,0.204500,0.223400,0.224600,0.211400,0.173300,0.181100,0.177000,0.213800,0.197800,0.193000,0.207200,0.206200,0.209900,0.214700,0.222400,0.154700,0.200300,0.194200,0.180400,0.183900,0.159600,0.178100,0.193000,0.189800,0.218700,0.224300,0.231300,0.213600,0.199100,0.211600,0.208600,0.187500,0.196200,0.195700,0.206900,0.205400,0.200800,0.189600,0.173900,0.125600,0.157800,0.156600,0.144000,0.186100,0.173000,0.180800,0.184800,0.181800,0.207300,0.230500,0.224300,0.204700,0.173700,0.184100,0.179300,0.190700,0.184100,0.202000,0.218200,0.205700,0.205400,0.193300,0.183200,0.146200,0.188700,0.194500,0.181600,0.193100,0.168400,0.184200,0.198200,0.189300,0.213500,0.218700,0.216700,0.202500,0.196000,0.207800,0.200700,0.180600,0.193700,0.198300,0.213600,0.209400,0.200100
Cycle_46	39101,30.4,0.204500,0.190400,0.151600,0.174700,0.167700,0.152700,0.198400,0.189400,0.189700,0.194100,0.188700,0.213200,0.235800,0.237700,0.221800,0.183700,0.190400,0.182300,0.224200,0.209500,0.203900,0.219600,0.218800,0.222600,0.222300,0.229800,0.163400,0.211500,0.204500,0.191500,0.191500,0.167400,0.186700,0.203800,0.202300,0.234000,0.235900,0.249300,0.229700,0.213400,0.225100,0.219200,0.197300,0.208600,0.208700,0.220900,0.220000,0.213800,0.198700,0.183300,0.130700,0.164700,0.163000,0.151000,0.193800,0.178900,0.189300,0.194300,0.190300,0.215400,0.243100,0.234000,0.213700,0.182000,0.188200,0.184900,0.199800,0.196300,0.210200,0.226600,0.222600,0.211500,0.206500,0.193800,0.151400,0.200300,0.203600,0.190000,0.204400,0.177400,0.192600,0.209900,0.199200,0.225800,0.229400,0.226300,0.213600,0.205100,0.217500,0.213200,0.189300,0.205200,0.203900,0.223200,0.222300,0.210200
Cycle_47	39951,30.4,0.219700,0.202400,0.140000,0.183800,0.172900,0.161400,0.207700,0.200200,0.204400,0.203200,0.197900,0.225100,0.250800,0.254800,0.238600,0.190900,0.197900,0.191400,0.241700,0.224800,0.215700,0.227900,0.234500,0.238700,0.237600,0.251600,0.170200,0.223200,0.217300,0.204800,0.206500,0.178700,0.200400,0.217900,0.215100,0.245700,0.254000,0.264700,0.241300,0.221000,0.234600,0.231500,0.206900,0.219600,0.219200,0.237400,0.234700,0.230500,0.208500,0.194800,0.134200,0.171400,0.170900,0.155600,0.204400,0.188300,0.199600,0.203700,0.197300,0.225700,0.253500,0.245100,0.222700,0.189200,0.196500,0.193600,0.208600,0.203700,0.223000,0.239000,0.231300,0.226400,0.217800,0.205800,0.160500,0.212700,0.215500,0.201400,0.217000,0.187300,0.207000,0.223400,0.212000,0.237800,0.244400,0.239400,0.227200,0.218700,0.229000,0.223100,0.201300,0.216400,0.219600,0.239600,0.233600,0.224200
Cycle_48	40801,30.4,0.231400,0.216400,0.145800,0.191800,0.181500,0.169000,0.218700,0.208900,0.212600,0.210400,0.205400,0.230600,0.265700,0.274300,0.247300,0.196400,0.207200,0.202100,0.249000,0.233300,0.224900,0.240300,0.244300,0.246000,0.252900,0.268900,0.178500,0.234900,0.231100,0.214600,0.218000,0.185600,0.209800,0.229700,0.225800,0.261600,0.265400,0.279700,0.253200,0.237100,0.252100,0.247000,0.221000,0.227400,0.230000,0.247600,0.245500,0.240700,0.219400,0.205000,0.145100,0.180100,0.176500,0.164900,0.214700,0.196600,0.209800,0.213200,0.206500,0.237500,0.266600,0.263900,0.240300,0.198200,0.205300,0.200800,0.217200,0.221100,0.242500,0.261600,0.253900,0.243200,0.232000,0.218800,0.167500,0.224300,0.227300,0.214400,0.230300,0.197200,0.218900,0.237700,0.224900,0.252900,0.254500,0.258400,0.245600,0.231500,0.239500,0.235700,0.210800,0.234600,0.230700,0.253600,0.246500,0.236900
Cycle_49	41652,30.4,0.240100,0.223600,0.150800,0.197600,0.186300,0.171100,0.226700,0.216100,0.220300,0.216400,0.212900,0.240100,0.274200,0.277000,0.259200,0.204000,0.213300,0.206000,0.257900,0.247000,0.240700,0.254400,0.261900,0.263400,0.266300,0.292200,0.188300,0.249800,0.247900,0.225300,0.227400,0.194400,0.223100,0.242700,0.236600,0.274900,0.276200,0.291300,0.266800,0.247500,0.260000,0.259400,0.228800,0.242600,0.241600,0.259400,0.257300,0.251100,0.235500,0.218800,0.146800,0.188800,0.184700,0.170400,0.224000,0.207200,0.219800,0.221100,0.215000,0.243400,0.282100,0.281400,0.250900,0.204100,0.217400,0.211100,0.226500,0.228300,0.252200,0.273200,0.265500,0.256700,0.245000,0.235000,0.173200,0.239200,0.243900,0.226800,0.242100,0.209700,0.232800,0.252400,0.236300,0.266400,0.269500,0.271500,0.256400,0.242500,0.256400,0.246700,0.221200,0.243100,0.243600,0.264800,0.264800,0.250900
Cycle_50	42502,30.0,0.261600,0.242200,0.159800,0.209500,0.199000,0.184300,0.243100,0.231300,0.236100,0.230100,0.225000,0.252300,0.303700,0.304900,0.278200,0.216600,0.238100,0.226900,0.284700,0.264600,0.256100,0.279900,0.286200,0.284300,0.285100,0.268000,0.203500,0.267200,0.262500,0.242300,0.245900,0.211300,0.238300,0.262400,0.255200,0.297500,0.300600,0.316100,0.292600,0.276900,0.290700,0.279600,0.248300,0.263500,0.268800,0.284300,0.286900,0.275500,0.254300,0.232500,0.160500,0.199800,0.196400,0.178800,0.239200,0.216500,0.235200,0.235100,0.225900,0.259600,0.297100,0.311700,0.275700,0.221700,0.227800,0.222800,0.249100,0.248200,0.276900,0.294600,0.286100,0.275300,0.264900,0.248500,0.192400,0.258500,0.263200,0.245600,0.261100,0.225100,0.248300,0.270400,0.255200,0.279600,0.281000,0.311700,0.272300,0.259300,0.274200,0.269400,0.246400,0.264000,0.260800,0.282600,0.279800,0.269500
Cycle_51	43352,30.1,0.271000,0.260100,0.164600,0.219000,0.206300,0.187900,0.249000,0.238400,0.242100,0.236500,0.231600,0.259600,0.312000,0.306100,0.283700,0.218100,0.235200,0.225900,0.295000,0.271600,0.265100,0.282300,0.293100,0.294700,0.292500,0.289100,0.208500,0.281200,0.275500,0.256100,0.259400,0.221500,0.251900,0.275500,0.267500,0.306500,0.312200,0.314000,0.299200,0.276700,0.293500,0.287900,0.252700,0.269700,0.269400,0.290400,0.293000,0.280600,0.264700,0.247100,0.163100,0.206500,0.203700,0.183400,0.248500,0.225300,0.241400,0.238900,0.231600,0.266300,0.309600,0.305300,0.284300,0.225200,0.231600,0.222600,0.252800,0.256200,0.284300,0.306300,0.301000,0.286400,0.273500,0.261600,0.197100,0.268700,0.274200,0.257800,0.271800,0.234900,0.258900,0.279300,0.265100,0.292100,0.300800,0.302600,0.288400,0.272200,0.283300,0.281400,0.248400,0.271900,0.272300,0.289300,0.290500,0.280500
Cycle_52	44203,30.0,0.293700,0.276200,0.177900,0.232100,0.216100,0.198600,0.264600,0.255300,0.256600,0.249400,0.245200,0.279100,0.332300,0.326000,0.306200,0.231500,0.246100,0.237700,0.315600,0.295100,0.283200,0.302400,0.312600,0.311900,0.312000,0.302800,0.220500,0.296500,0.291600,0.275300,0.277900,0.232500,0.268700,0.290400,0.284100,0.328100,0.330000,0.338500,0.316700,0.291800,0.310100,0.307400,0.271200,0.284900,0.286600,0.306000,0.307400,0.300700,0.283300,0.261700,0.171900,0.216500,0.212900,0.194900,0.261700,0.237800,0.255600,0.251900,0.244300,0.278900,0.332700,0.326600,0.296900,0.234900,0.244500,0.237400,0.268400,0.270100,0.300800,0.324300,0.310900,0.304800,0.291500,0.279800,0.208700,0.284200,0.290600,0.274300,0.289400,0.248100,0.277800,0.299200,0.281700,0.315900,0.318800,0.318800,0.306700,0.294200,0.302300,0.294700,0.265700,0.286300,0.289400,0.314400,0.312700,0.298000
Cycle_53	45053,30.0,0.301500,0.283700,0.180500,0.238200,0.225600,0.205900,0.274800,0.258100,0.266500,0.255100,0.251800,0.281800,0.342900,0.344600,0.319200,0.243600,0.264900,0.244900,0.329400,0.304000,0.301000,0.328800,0.335800,0.323200,0.329000,0.310900,0.234400,0.310800,0.306800,0.284800,0.288100,0.245600,0.284200,0.307600,0.295500,0.338400,0.340900,0.360400,0.337800,0.316300,0.330200,0.318800,0.287600,0.299200,0.308800,0.331000,0.337100,0.317000,0.297700,0.274700,0.181200,0.228000,0.224700,0.203600,0.272700,0.248100,0.267700,0.261000,0.253000,0.283700,0.342900,0.352500,0.318300,0.245000,0.256400,0.248000,0.286300,0.287500,0.316100,0.339300,0.334800,0.316900,0.309200,0.292800,0.221300,0.300900,0.309800,0.287900,0.305900,0.264700,0.290900,0.313100,0.300100,0.324400,0.339100,0.341200,0.317700,0.303000,0.321800,0.318500,0.287500,0.300900,0.298900,0.326100,0.325700,0.317000
Cycle_54	45903,30.1,0.326200,0.304600,0.192700,0.255600,0.237200,0.217300,0.288500,0.274100,0.280500,0.268000,0.261300,0.295100,0.363000,0.359300,0.337700,0.248500,0.269300,0.256100,0.346100,0.322200,0.312500,0.334600,0.342500,0.343000,0.340800,0.329500,0.242000,0.326100,0.321500,0.301600,0.306100,0.256100,0.299900,0.320800,0.311700,0.355800,0.359000,0.366700,0.345300,0.319800,0.342500,0.333300,0.297400,0.310600,0.313000,0.337400,0.337400,0.330900,0.311600,0.291300,0.188700,0.235200,0.231700,0.212600,0.284300,0.259400,0.280000,0.269900,0.259800,0.301200,0.361800,0.355900,0.327900,0.253100,0.261000,0.258300,0.293400,0.296900,0.334300,0.352100,0.345200,0.335400,0.319700,0.306800,0.228400,0.314400,0.316900,0.301800,0.318100,0.272400,0.306600,0.324800,0.311100,0.341900,0.346200,0.346500,0.334800,0.319500,0.328600,0.326700,0.289900,0.315200,0.312900,0.346200,0.343200,0.327500
Cycle_55	46749,30.4,0.341700,0.324400,0.204700,0.265200,0.251500,0.227100,0.302100,0.285000,0.293800,0.276500,0.271200,0.305100,0.378100,0.381400,0.356800,0.263800,0.282900,0.271100,0.361800,0.338800,0.329400,0.348600,0.357300,0.357200,0.359500,0.343000,0.255600,0.343100,0.337300,0.318500,0.320700,0.270900,0.313300,0.336400,0.328800,0.371900,0.374200,0.386500,0.365300,0.337200,0.361000,0.351600,0.317300,0.328300,0.330400,0.353000,0.355000,0.346200,0.329500,0.311700,0.196500,0.251100,0.245200,0.224000,0.299000,0.270300,0.292400,0.284000,0.273900,0.310100,0.381800,0.380400,0.349200,0.264300,0.282900,0.278000,0.312300,0.311100,0.348500,0.373100,0.366900,0.352900,0.338000,0.321400,0.243700,0.331100,0.337300,0.318400,0.335900,0.286300,0.325900,0.344900,0.326000,0.362900,0.368600,0.363400,0.350900,0.333700,0.348800,0.343700,0.307000,0.327500,0.326400,0.361900,0.366400,0.346900
Cycle_56	47599,30.3,0.360300,0.337500,0.212400,0.278500,0.263500,0.239900,0.317300,0.298600,0.306000,0.289400,0.283800,0.317400,0.399000,0.396300,0.370800,0.278800,0.304800,0.287500,0.385400,0.356500,0.349700,0.373000,0.384800,0.370100,0.375500,0.355000,0.271400,0.360100,0.353300,0.336200,0.337700,0.281700,0.331200,0.350500,0.342600,0.393600,0.392600,0.408500,0.385200,0.360000,0.383100,0.371200,0.335600,0.346200,0.350200,0.380900,0.383700,0.367900,0.350100,0.325000,0.211500,0.263300,0.259600,0.236400,0.308100,0.282100,0.309200,0.291400,0.281800,0.323900,0.393700,0.409100,0.366600,0.282800,0.296400,0.285500,0.330700,0.330400,0.375800,0.390100,0.391300,0.370600,0.355500,0.339000,0.258800,0.348400,0.359600,0.335800,0.350700,0.301000,0.342900,0.360900,0.345900,0.374100,0.381900,0.388000,0.373600,0.357200,0.368200,0.360200,0.329000,0.353800,0.356100,0.378200,0.380400,0.362300
Cycle_57	48449,30.1,0.379400,0.354600,0.226500,0.292000,0.277000,0.252300,0.330600,0.311100,0.319900,0.299000,0.291300,0.325200,0.415500,0.416900,0.389000,0.287200,0.309900,0.296600,0.406300,0.373500,0.370600,0.389100,0.396700,0.389000,0.393500,0.373800,0.286300,0.377100,0.371100,0.352200,0.354500,0.295300,0.346400,0.368300,0.357900,0.411200,0.412000,0.425900,0.399300,0.372300,0.394300,0.387400,0.351300,0.358000,0.367700,0.391300,0.393900,0.382900,0.369100,0.341400,0.220600,0.276100,0.270100,0.245500,0.323600,0.291800,0.317600,0.302200,0.289000,0.331600,0.412800,0.417100,0.386000,0.297200,0.305900,0.295700,0.348500,0.344200,0.394300,0.407800,0.408500,0.389000,0.370300,0.353300,0.272000,0.365800,0.371500,0.352100,0.369400,0.316800,0.357900,0.377000,0.362000,0.396700,0.399100,0.413400,0.391200,0.378300,0.386500,0.375900,0.345600,0.368000,0.367800,0.397500,0.404900,0.385300
Cycle_58	49299,30.0,0.393800,0.372200,0.236700,0.303100,0.287600,0.262400,0.343000,0.320600,0.336500,0.304500,0.298600,0.333500,0.430800,0.432400,0.405200,0.300300,0.325900,0.308600,0.419100,0.388300,0.385100,0.404300,0.420000,0.406100,0.410600,0.387700,0.298700,0.393900,0.386400,0.364100,0.370100,0.307100,0.359900,0.384200,0.375900,0.424800,0.427200,0.440700,0.418000,0.396700,0.419500,0.403100,0.369200,0.375000,0.384300,0.410300,0.414700,0.398800,0.379800,0.359900,0.231900,0.290400,0.284600,0.257500,0.334400,0.303200,0.336000,0.314900,0.303100,0.348900,0.429900,0.438500,0.402400,0.307100,0.324200,0.312200,0.361900,0.363200,0.412400,0.429900,0.421600,0.405400,0.388800,0.370900,0.284400,0.383700,0.388900,0.369000,0.383500,0.329400,0.376400,0.397600,0.375600,0.410900,0.411000,0.422100,0.402300,0.390500,0.404200,0.396400,0.361300,0.386000,0.384500,0.412900,0.417600,0.402900
Cycle_59	50147,30.1,0.410800,0.390600,0.249900,0.316300,0.298300,0.274500,0.352700,0.334800,0.342800,0.315900,0.312800,0.347500,0.447100,0.446100,0.421300,0.309900,0.329800,0.317500,0.437100,0.406100,0.399000,0.413500,0.425500,0.427500,0.420900,0.407600,0.312200,0.408700,0.402300,0.383700,0.383200,0.316100,0.373500,0.399200,0.390900,0.437400,0.440100,0.451700,0.429400,0.400300,0.422400,0.414700,0.374900,0.387700,0.393800,0.417500,0.419600,0.413200,0.395900,0.375300,0.243700,0.297800,0.295000,0.269700,0.349400,0.313000,0.341400,0.318800,0.309100,0.347900,0.446400,0.440000,0.411300,0.305400,0.327900,0.316900,0.372100,0.366600,0.419700,0.434000,0.428500,0.421400,0.395600,0.382500,0.292400,0.393200,0.401300,0.384100,0.400700,0.343500,0.384400,0.406400,0.386700,0.423600,0.430400,0.426000,0.411000,0.394700,0.418200,0.408600,0.369200,0.387200,0.390100,0.422000,0.428000,0.410200
Cycle_60	50998,30.5,0.433400,0.409300,0.265600,0.330500,0.312000,0.286300,0.369700,0.344800,0.355600,0.324300,0.317200,0.356200,0.467900,0.478000,0.447500,0.329100,0.349300,0.334800,0.465800,0.424000,0.423900,0.436400,0.446600,0.442500,0.449700,0.424500,0.330900,0.429100,0.419400,0.398200,0.400100,0.332900,0.389200,0.415200,0.407800,0.454000,0.460100,0.480200,0.458200,0.429300,0.448800,0.437500,0.394500,0.405100,0.416700,0.442800,0.446500,0.432200,0.420100,0.397800,0.265100,0.319300,0.309900,0.287000,0.362400,0.325400,0.358700,0.333700,0.322300,0.360000,0.466900,0.482500,0.444000,0.330500,0.346700,0.339100,0.398300,0.391000,0.447100,0.460500,0.453600,0.438100,0.422500,0.405700,0.314200,0.415600,0.425900,0.403500,0.421600,0.356300,0.408000,0.428100,0.407500,0.439300,0.453100,0.455000,0.434100,0.417800,0.438900,0.427300,0.389700,0.413300,0.413400,0.438400,0.448600,0.432900
Cycle_61	51848,30.6,0.446700,0.423700,0.278900,0.343100,0.322100,0.301500,0.380500,0.355400,0.367200,0.333100,0.326100,0.366700,0.479800,0.490600,0.458200,0.341100,0.359800,0.341900,0.485200,0.440200,0.440900,0.456300,0.466300,0.458400,0.461200,0.440700,0.343500,0.443900,0.437400,0.413000,0.415900,0.346500,0.410300,0.430200,0.425400,0.474400,0.471800,0.497200,0.472900,0.444400,0.461400,0.451500,0.412300,0.426700,0.439200,0.461300,0.462600,0.445200,0.433000,0.411600,0.275400,0.328200,0.322900,0.293500,0.373900,0.333500,0.372100,0.341100,0.328500,0.369200,0.477600,0.494400,0.453200,0.341000,0.354800,0.347600,0.414600,0.406600,0.471100,0.474700,0.470200,0.454400,0.441500,0.422600,0.329200,0.434400,0.441600,0.422000,0.436200,0.373900,0.426400,0.444700,0.429200,0.455200,0.467500,0.474800,0.453200,0.439900,0.453100,0.445300,0.414400,0.432100,0.429900,0.455000,0.462500,0.450700
Cycle_62	52698,30.4,0.455700,0.441500,0.289000,0.351600,0.331000,0.309900,0.389000,0.366400,0.377800,0.342400,0.335400,0.371700,0.488800,0.491600,0.464000,0.338200,0.361200,0.349700,0.492000,0.448900,0.448000,0.456800,0.468500,0.466500,0.471700,0.455500,0.355900,0.456300,0.448900,0.427100,0.432100,0.357400,0.418900,0.445700,0.437900,0.482500,0.483800,0.490800,0.475800,0.448400,0.473300,0.466200,0.428900,0.428200,0.436300,0.461100,0.467200,0.456900,0.446900,0.428900,0.283500,0.335700,0.330900,0.304600,0.387100,0.345300,0.382700,0.348200,0.337300,0.380300,0.490600,0.489800,0.465300,0.342700,0.364200,0.357300,0.423800,0.413200,0.474000,0.486300,0.480500,0.469400,0.447600,0.436600,0.338600,0.444500,0.452700,0.433400,0.449100,0.386600,0.439000,0.458100,0.440000,0.473700,0.475400,0.474200,0.462400,0.449600,0.462700,0.453400,0.424900,0.438700,0.440900,0.472600,0.477700,0.461900
Cycle_63	53548,30.2,0.464300,0.448200,0.302700,0.354700,0.340900,0.316600,0.399100,0.372800,0.385900,0.344900,0.340600,0.373200,0.495000,0.501100,0.477300,0.352000,0.379600,0.364900,0.507100,0.460700,0.464100,0.478200,0.490200,0.478100,0.483500,0.464700,0.365100,0.469000,0.459600,0.440300,0.440400,0.372300,0.432600,0.455400,0.449500,0.494700,0.499300,0.511800,0.495800,0.466300,0.487500,0.477800,0.442100,0.443600,0.456900,0.486900,0.492100,0.477100,0.458800,0.439700,0.302600,0.347800,0.339900,0.315900,0.393700,0.356400,0.391200,0.357700,0.342800,0.389600,0.499400,0.513000,0.482300,0.362600,0.369600,0.363200,0.439300,0.431300,0.493600,0.501000,0.499500,0.480300,0.465400,0.451000,0.355900,0.462800,0.468300,0.450600,0.465900,0.401600,0.452000,0.472600,0.455600,0.479700,0.488700,0.501000,0.485900,0.463900,0.474900,0.469700,0.446900,0.457000,0.459500,0.484200,0.490100,0.473800
Cycle_64	54398,30.1,0.487200,0.465500,0.316300,0.374200,0.354300,0.330400,0.414400,0.387400,0.403200,0.357100,0.352600,0.387600,0.510500,0.510100,0.492100,0.361200,0.386500,0.378700,0.531900,0.475800,0.480200,0.495200,0.500900,0.498700,0.500700,0.479500,0.379300,0.486700,0.478200,0.459200,0.458400,0.384600,0.451100,0.474000,0.469300,0.514400,0.511900,0.528500,0.507800,0.485300,0.504500,0.495100,0.467400,0.457700,0.470300,0.501700,0.504900,0.489300,0.477600,0.455200,0.316200,0.360300,0.353500,0.327100,0.407800,0.367300,0.404100,0.365400,0.353800,0.397600,0.516600,0.529500,0.498100,0.376100,0.389100,0.377900,0.459900,0.437100,0.505200,0.516900,0.514400,0.496700,0.483200,0.466600,0.368000,0.478000,0.485700,0.466200,0.476500,0.413700,0.466600,0.487100,0.469700,0.494700,0.507300,0.519700,0.498900,0.490700,0.497800,0.486300,0.466000,0.469800,0.477000,0.505400,0.512000,0.490100
Cycle_65	55249,30.2,0.502800,0.484200,0.336700,0.389900,0.370700,0.347100,0.427800,0.402200,0.423500,0.370300,0.363300,0.407100,0.527600,0.526400,0.511700,0.386900,0.401800,0.390500,0.551300,0.491300,0.498000,0.509000,0.518400,0.512300,0.515000,0.500100,0.396000,0.501200,0.495500,0.476900,0.476600,0.395800,0.465100,0.489700,0.485900,0.527300,0.524500,0.537300,0.526900,0.497600,0.517000,0.507200,0.484000,0.474400,0.490300,0.511200,0.513700,0.504300,0.487300,0.473000,0.329900,0.373700,0.366700,0.343200,0.425700,0.376200,0.420700,0.376400,0.364400,0.409300,0.525700,0.528700,0.508400,0.380400,0.399300,0.394900,0.478900,0.449700,0.517300,0.530300,0.523100,0.514000,0.495200,0.479900,0.375300,0.488700,0.494800,0.482200,0.494100,0.423600,0.485900,0.503800,0.486900,0.513800,0.523300,0.517500,0.505100,0.494000,0.507500,0.498900,0.482700,0.476900,0.484900,0.513400,0.525800,0.509100
Cycle_66	56099,30.0,0.509300,0.494300,0.347400,0.398600,0.378600,0.353800,0.441900,0.410700,0.428500,0.373700,0.369700,0.410800,0.532000,0.534500,0.518600,0.393600,0.411900,0.395700,0.567900,0.498000,0.506500,0.520900,0.530800,0.514700,0.524900,0.507500,0.404000,0.512500,0.504700,0.488300,0.485300,0.405400,0.483400,0.500100,0.496600,0.537400,0.531300,0.550100,0.535600,0.509700,0.524900,0.515800,0.502300,0.483800,0.503500,0.523800,0.526000,0.514900,0.498000,0.485100,0.344900,0.385000,0.378200,0.351600,0.439700,0.386000,0.429600,0.384700,0.372700,0.418100,0.538000,0.540300,0.525000,0.394100,0.406800,0.404500,0.491200,0.456500,0.523200,0.535900,0.530700,0.522200,0.505100,0.497000,0.391700,0.506600,0.509900,0.497300,0.506900,0.436500,0.494000,0.514600,0.499700,0.522400,0.528800,0.531600,0.518600,0.504100,0.517800,0.511100,0.502300,0.488600,0.496700,0.519600,0.529000,0.517700
Cycle_67	56949,30.4,0.524000,0.504100,0.366200,0.408200,0.391600,0.364600,0.454800,0.425600,0.439400,0.384200,0.376300,0.419400,0.549100,0.554700,0.536600,0.411100,0.434000,0.413700,0.590400,0.511700,0.518700,0.535600,0.543200,0.531800,0.542600,0.519600,0.422900,0.527400,0.517900,0.502800,0.498700,0.421100,0.492800,0.514400,0.508500,0.545400,0.550000,0.569900,0.552700,0.527300,0.541100,0.532100,0.523000,0.497000,0.519200,0.541100,0.543600,0.528500,0.515400,0.495500,0.370100,0.398900,0.390400,0.364400,0.446900,0.397400,0.445500,0.394100,0.384200,0.426000,0.547000,0.567200,0.533400,0.407700,0.421400,0.416500,0.509200,0.466300,0.538900,0.550700,0.544000,0.534200,0.518200,0.505000,0.411100,0.515600,0.522200,0.508300,0.517400,0.447600,0.506300,0.523400,0.512700,0.531800,0.543900,0.544500,0.528800,0.518500,0.534800,0.528000,0.523600,0.499900,0.510100,0.534300,0.541800,0.534700
Cycle_68	57861,30.4,0.533100,0.515900,0.381700,0.419600,0.402100,0.375500,0.459900,0.431400,0.450000,0.392300,0.387600,0.424000,0.550700,0.563300,0.538900,0.410400,0.435000,0.425000,0.602600,0.517700,0.522200,0.539300,0.550800,0.541300,0.549400,0.531000,0.430500,0.536700,0.526400,0.512900,0.513100,0.430800,0.502500,0.522800,0.518100,0.552400,0.552500,0.567300,0.557800,0.538100,0.559000,0.544700,0.543300,0.506100,0.523000,0.545400,0.551600,0.536300,0.520300,0.506400,0.378100,0.408800,0.402300,0.375200,0.459100,0.408700,0.453700,0.401800,0.391000,0.436500,0.552800,0.568300,0.543200,0.421500,0.434600,0.428600,0.521400,0.474400,0.549400,0.558400,0.563100,0.543700,0.534600,0.516800,0.423400,0.529700,0.535000,0.521300,0.529100,0.456200,0.523200,0.540200,0.519500,0.548800,0.552100,0.563800,0.551100,0.537300,0.540600,0.533800,0.544600,0.517300,0.529700,0.549000,0.565200,0.541200
Cycle_69	58711,29.9,0.541700,0.525800,0.396900,0.432500,0.413900,0.390800,0.476700,0.443800,0.463100,0.401600,0.393800,0.439000,0.555700,0.562400,0.552300,0.427600,0.445000,0.432500,0.617600,0.527400,0.538300,0.550900,0.559300,0.550800,0.551900,0.537300,0.437800,0.542900,0.535000,0.525200,0.521400,0.436100,0.517700,0.534000,0.528400,0.567700,0.559200,0.573200,0.565300,0.541000,0.559700,0.551300,0.560800,0.513500,0.534900,0.553500,0.555000,0.548800,0.529900,0.517200,0.391100,0.416100,0.413600,0.387400,0.470200,0.418200,0.466700,0.411100,0.398900,0.443600,0.556600,0.567000,0.545900,0.420000,0.444100,0.442700,0.531400,0.477100,0.550600,0.565700,0.565600,0.552600,0.531800,0.519300,0.422900,0.530500,0.538300,0.531400,0.537000,0.463000,0.528100,0.540900,0.532500,0.554100,0.561100,0.557000,0.547200,0.538300,0.553100,0.546500,0.556900,0.518500,0.530800,0.553200,0.564500,0.550500
Cycle_70	59561,30.2,0.547500,0.527500,0.407100,0.436100,0.425100,0.397100,0.483700,0.451000,0.467800,0.405900,0.397200,0.442300,0.565300,0.565500,0.559100,0.435200,0.454500,0.441100,0.625700,0.527700,0.540600,0.553800,0.561700,0.548700,0.561700,0.540200,0.445900,0.548300,0.540400,0.528200,0.525800,0.440900,0.521300,0.539100,0.533400,0.569000,0.560400,0.578600,0.573200,0.551400,0.565100,0.556800,0.568600,0.515500,0.538300,0.558700,0.564400,0.552500,0.536500,0.522700,0.401900,0.425400,0.419800,0.394300,0.478900,0.424800,0.473400,0.421700,0.402000,0.449400,0.564500,0.579100,0.557900,0.435300,0.450300,0.445800,0.547600,0.485500,0.555300,0.568200,0.565600,0.556200,0.542400,0.532500,0.430000,0.539400,0.542400,0.535600,0.540500,0.469000,0.534100,0.548300,0.536600,0.557100,0.558700,0.567100,0.550900,0.540800,0.554900,0.546000,0.570200,0.523000,0.534300,0.554700,0.562000,0.553900
Cycle_71	60411,30.2,0.556900,0.537500,0.415700,0.450600,0.435200,0.412600,0.492800,0.459200,0.478300,0.415400,0.410900,0.450100,0.570900,0.584700,0.564800,0.447900,0.477800,0.462100,0.646100,0.539100,0.547400,0.563500,0.575100,0.560600,0.570900,0.553300,0.460100,0.560500,0.550900,0.541600,0.537300,0.452200,0.533000,0.547300,0.543800,0.576400,0.574900,0.596700,0.583500,0.568300,0.587400,0.568600,0.594300,0.528700,0.552600,0.572500,0.575100,0.561200,0.549800,0.527900,0.416900,0.439100,0.431500,0.406500,0.488600,0.430600,0.486200,0.427300,0.414000,0.463500,0.572100,0.591900,0.566500,0.457900,0.461800,0.459600,0.558000,0.491500,0.572500,0.583900,0.581900,0.565900,0.551500,0.539600,0.437000,0.549200,0.553900,0.544700,0.549400,0.473200,0.539300,0.555300,0.543900,0.565600,0.574600,0.588100,0.563700,0.558300,0.563500,0.556700,0.591400,0.531500,0.550800,0.571000,0.576600,0.565500
Exp_StopDate	2018-07-28
Exp_StopTime	10:18:57
